0.0102539 0.868642 0
0.0307617 0.868561 0
0.0512695 0.868509 0
0.0717773 0.868448 0
0.0922852 0.868389 0
0.112793 0.868329 0
0.133301 0.868269 0
0.153809 0.868209 0
0.174316 0.868149 0
0.194824 0.86809 0
0.215332 0.86803 0
0.23584 0.867969 0
0.256348 0.867909 0
0.276855 0.86785 0
0.297363 0.86779 0
0.317871 0.86773 0
0.338379 0.86767 0
0.358887 0.86761 0
0.379395 0.86755 0
0.399902 0.86749 0
0.42041 0.86743 0
0.440918 0.867371 0
0.461426 0.867311 0
0.481934 0.867251 0
0.502441 0.867191 0
0.522949 0.867132 0
0.543457 0.867072 0
0.563965 0.867012 0
0.584473 0.866953 0
0.60498 0.866893 0
0.625488 0.866834 0
0.645996 0.866774 0
0.666504 0.866715 0
0.687012 0.866656 0
0.70752 0.866596 0
0.728027 0.866537 0
0.748535 0.866477 0
0.769043 0.866418 0
0.789551 0.866359 0
0.810059 0.8663 0
0.830566 0.866241 0
0.851074 0.866181 0
0.871582 0.866122 0
0.89209 0.866063 0
0.912598 0.866004 0
0.933105 0.865945 0
0.953613 0.865886 0
0.974121 0.865827 0
0.994629 0.865768 0
1.01514 0.86571 0
1.03564 0.865651 0
1.05615 0.865592 0
1.07666 0.865533 0
1.09717 0.865474 0
1.11768 0.865416 0
1.13818 0.865357 0
1.15869 0.865298 0
1.1792 0.86524 0
1.19971 0.865181 0
1.22021 0.865123 0
1.24072 0.865064 0
1.26123 0.865006 0
1.28174 0.864947 0
1.30225 0.864889 0
1.32275 0.864831 0
1.34326 0.864772 0
1.36377 0.864714 0
1.38428 0.864656 0
1.40479 0.864597 0
1.42529 0.864539 0
1.4458 0.864481 0
1.46631 0.864423 0
1.48682 0.864365 0
1.50732 0.864307 0
1.52783 0.864248 0
1.54834 0.86419 0
1.56885 0.864132 0
1.58936 0.864074 0
1.60986 0.864016 0
1.63037 0.863959 0
1.65088 0.863901 0
1.67139 0.863843 0
1.69189 0.863785 0
1.7124 0.863727 0
1.73291 0.863669 0
1.75342 0.863612 0
1.77393 0.863554 0
1.79443 0.863496 0
1.81494 0.863439 0
1.83545 0.863381 0
1.85596 0.863323 0
1.87646 0.863266 0
1.89697 0.863208 0
1.91748 0.863151 0
1.93799 0.863093 0
1.9585 0.863036 0
1.979 0.862978 0
1.99951 0.862921 0
2.02002 0.862864 0
2.04053 0.862806 0
2.06104 0.862749 0
2.08154 0.862692 0
2.10205 0.862635 0
2.12256 0.862577 0
2.14307 0.86252 0
2.16357 0.862463 0
2.18408 0.862406 0
2.20459 0.862349 0
2.2251 0.862292 0
2.24561 0.862235 0
2.26611 0.862178 0
2.28662 0.862121 0
2.30713 0.862064 0
2.32764 0.862007 0
2.34814 0.86195 0
2.36865 0.861893 0
2.38916 0.861836 0
2.40967 0.861779 0
2.43018 0.861722 0
2.45068 0.861665 0
2.47119 0.861609 0
2.4917 0.861552 0
2.51221 0.861495 0
2.53271 0.861439 0
2.55322 0.861382 0
2.57373 0.861325 0
2.59424 0.861269 0
2.61475 0.861212 0
2.63525 0.861155 0
2.65576 0.861099 0
2.67627 0.861042 0
2.69678 0.860986 0
2.71729 0.860929 0
2.73779 0.860873 0
2.7583 0.860817 0
2.77881 0.86076 0
2.79932 0.860704 0
2.81982 0.860647 0
2.84033 0.860591 0
2.86084 0.860535 0
2.88135 0.860479 0
2.90186 0.860422 0
2.92236 0.860366 0
2.94287 0.86031 0
2.96338 0.860254 0
2.98389 0.860198 0
3.00439 0.860142 0
3.0249 0.860085 0
3.04541 0.860029 0
3.06592 0.859973 0
3.08643 0.859917 0
3.10693 0.859861 0
3.12744 0.859805 0
3.14795 0.859749 0
3.16846 0.859693 0
3.18896 0.859637 0
3.20947 0.859582 0
3.22998 0.859526 0
3.25049 0.85947 0
3.271 0.859414 0
3.2915 0.859358 0
3.31201 0.859302 0
3.33252 0.859247 0
3.35303 0.859191 0
3.37354 0.859135 0
3.39404 0.85908 0
3.41455 0.859024 0
3.43506 0.858968 0
3.45557 0.858913 0
3.47607 0.858857 0
3.49658 0.858801 0
3.51709 0.858746 0
3.5376 0.85869 0
3.55811 0.858635 0
3.57861 0.858579 0
3.59912 0.858524 0
3.61963 0.858468 0
3.64014 0.858413 0
3.66064 0.858357 0
3.68115 0.858302 0
3.70166 0.858247 0
3.72217 0.858191 0
3.74268 0.858136 0
3.76318 0.858081 0
3.78369 0.858025 0
3.8042 0.85797 0
3.82471 0.857915 0
3.84521 0.85786 0
3.86572 0.857805 0
3.88623 0.857749 0
3.90674 0.857694 0
3.92725 0.857639 0
3.94775 0.857584 0
3.96826 0.857529 0
3.98877 0.857474 0
4.00928 0.857419 0
4.02979 0.857364 0
4.05029 0.857309 0
4.0708 0.857254 0
4.09131 0.857199 0
4.11182 0.857144 0
4.13232 0.857089 0
4.15283 0.857034 0
4.17334 0.856979 0
4.19385 0.856924 0
4.21436 0.856869 0
4.23486 0.856814 0
4.25537 0.856759 0
4.27588 0.856705 0
4.29639 0.85665 0
4.31689 0.856595 0
4.3374 0.85654 0
4.35791 0.856485 0
4.37842 0.856431 0
4.39893 0.856376 0
4.41943 0.856321 0
4.43994 0.856267 0
4.46045 0.856212 0
4.48096 0.856157 0
4.50146 0.856103 0
4.52197 0.856048 0
4.54248 0.855994 0
4.56299 0.855939 0
4.5835 0.855885 0
4.604 0.85583 0
4.62451 0.855775 0
4.64502 0.855721 0
4.66553 0.855667 0
4.68604 0.855612 0
4.70654 0.855558 0
4.72705 0.855503 0
4.74756 0.855449 0
4.76807 0.855394 0
4.78857 0.85534 0
4.80908 0.855286 0
4.82959 0.855231 0
4.8501 0.855177 0
4.87061 0.855123 0
4.89111 0.855068 0
4.91162 0.855014 0
4.93213 0.85496 0
4.95264 0.854906 0
4.97314 0.854852 0
4.99365 0.854797 0
5.01416 0.854743 0
5.03467 0.854689 0
5.05518 0.854635 0
5.07568 0.854581 0
5.09619 0.854527 0
5.1167 0.854472 0
5.13721 0.854418 0
5.15771 0.854364 0
5.17822 0.85431 0
5.19873 0.854256 0
5.21924 0.854202 0
5.23975 0.854148 0
5.26025 0.854094 0
5.28076 0.85404 0
5.30127 0.853986 0
5.32178 0.853932 0
5.34229 0.853878 0
5.36279 0.853825 0
5.3833 0.853771 0
5.40381 0.853717 0
5.42432 0.853663 0
5.44482 0.853609 0
5.46533 0.853555 0
5.48584 0.853501 0
5.50635 0.853448 0
5.52686 0.853394 0
5.54736 0.85334 0
5.56787 0.853286 0
5.58838 0.853233 0
5.60889 0.853179 0
5.62939 0.853125 0
5.6499 0.853071 0
5.67041 0.853018 0
5.69092 0.852964 0
5.71143 0.85291 0
5.73193 0.852857 0
5.75244 0.852803 0
5.77295 0.852749 0
5.79346 0.852696 0
5.81396 0.852642 0
5.83447 0.852589 0
5.85498 0.852535 0
5.87549 0.852482 0
5.896 0.852428 0
5.9165 0.852375 0
5.93701 0.852321 0
5.95752 0.852268 0
5.97803 0.852214 0
5.99854 0.852161 0
6.01904 0.852107 0
6.03955 0.852054 0
6.06006 0.852 0
6.08057 0.851947 0
6.10107 0.851894 0
6.12158 0.85184 0
6.14209 0.851787 0
6.1626 0.851733 0
6.18311 0.85168 0
6.20361 0.851627 0
6.22412 0.851573 0
6.24463 0.85152 0
6.26514 0.851467 0
6.28564 0.851414 0
6.30615 0.85136 0
6.32666 0.851307 0
6.34717 0.851254 0
6.36768 0.851201 0
6.38818 0.851147 0
6.40869 0.851094 0
6.4292 0.851041 0
6.44971 0.850988 0
6.47021 0.850935 0
6.49072 0.850881 0
6.51123 0.850828 0
6.53174 0.850775 0
6.55225 0.850722 0
6.57275 0.850669 0
6.59326 0.850616 0
6.61377 0.850563 0
6.63428 0.85051 0
6.65479 0.850457 0
6.67529 0.850404 0
6.6958 0.850351 0
6.71631 0.850298 0
6.73682 0.850245 0
6.75732 0.850192 0
6.77783 0.850139 0
6.79834 0.850086 0
6.81885 0.850033 0
6.83936 0.84998 0
6.85986 0.849927 0
6.88037 0.849874 0
6.90088 0.849821 0
6.92139 0.849768 0
6.94189 0.849715 0
6.9624 0.849662 0
6.98291 0.849609 0
7.00342 0.849557 0
7.02393 0.849504 0
7.04443 0.849451 0
7.06494 0.849398 0
7.08545 0.849347 0
7.10596 0.8493 0
7.12646 0.849293 0.000203752
7.14697 0.848641 0.00304538
7.16748 0.84801 0.00586666
7.18799 0.8474 0.00866759
7.2085 0.846786 0.0114482
7.229 0.846168 0.0142084
7.24951 0.845544 0.0169482
7.27002 0.844915 0.0196678
7.29053 0.844279 0.0223669
7.31104 0.843637 0.0250457
7.33154 0.84299 0.0277042
7.35205 0.842336 0.0303423
7.37256 0.841676 0.03296
7.39307 0.841011 0.0355574
7.41357 0.840339 0.0381345
7.43408 0.839661 0.0406912
7.45459 0.838977 0.0432275
7.4751 0.838287 0.0457435
7.49561 0.83759 0.0482391
7.51611 0.836888 0.0507144
7.53662 0.836179 0.0531693
7.55713 0.835464 0.0556039
7.57764 0.834742 0.0580181
7.59814 0.834014 0.060412
7.61865 0.83328 0.0627855
7.63916 0.83254 0.0651387
7.65967 0.831793 0.0674715
7.68018 0.831039 0.069784
7.70068 0.830279 0.0720761
7.72119 0.829513 0.0743478
7.7417 0.82874 0.0765992
7.76221 0.82796 0.0788303
7.78271 0.827174 0.081041
7.80322 0.826381 0.0832313
7.82373 0.825581 0.0854013
7.84424 0.824775 0.0875509
7.86475 0.823961 0.0896802
7.88525 0.823141 0.0917892
7.90576 0.822314 0.0938777
7.92627 0.82148 0.095946
7.94678 0.82064 0.0979938
7.96729 0.819792 0.100021
7.98779 0.818937 0.102029
8.0083 0.818076 0.104015
8.02881 0.817207 0.105982
8.04932 0.816331 0.107928
8.06982 0.815448 0.109854
8.09033 0.814557 0.111759
8.11084 0.81366 0.113644
8.13135 0.812755 0.115509
8.15186 0.811843 0.117353
8.17236 0.810923 0.119177
8.19287 0.809996 0.120981
8.21338 0.809062 0.122764
8.23389 0.80812 0.124527
8.25439 0.807171 0.12627
8.2749 0.806214 0.127992
8.29541 0.805249 0.129694
8.31592 0.804277 0.131375
8.33643 0.803297 0.133036
8.35693 0.802309 0.134677
8.37744 0.801314 0.136298
8.39795 0.800311 0.137898
8.41846 0.7993 0.139478
8.43896 0.798281 0.141037
8.45947 0.797254 0.142576
8.47998 0.796219 0.144095
8.50049 0.795176 0.145593
8.521 0.794125 0.147071
8.5415 0.793066 0.148529
8.56201 0.791999 0.149966
8.58252 0.790924 0.151383
8.60303 0.78984 0.15278
8.62354 0.788748 0.154156
8.64404 0.787648 0.155512
8.66455 0.78654 0.156847
8.68506 0.785423 0.158162
8.70557 0.784297 0.159457
8.72607 0.783164 0.160732
8.74658 0.782021 0.161986
8.76709 0.78087 0.16322
8.7876 0.779711 0.164433
8.80811 0.778542 0.165626
8.82861 0.777365 0.166799
8.84912 0.77618 0.167951
8.86963 0.774985 0.169083
8.89014 0.773782 0.170195
8.91064 0.77257 0.171286
8.93115 0.771349 0.172357
8.95166 0.770119 0.173408
8.97217 0.768879 0.174438
8.99268 0.767631 0.175448
9.01318 0.766374 0.176437
9.03369 0.765108 0.177406
9.0542 0.763832 0.178355
9.07471 0.762547 0.179284
9.09521 0.761253 0.180192
9.11572 0.75995 0.18108
9.13623 0.758637 0.181947
9.15674 0.757315 0.182794
9.17725 0.755983 0.183621
9.19775 0.754642 0.184427
9.21826 0.753292 0.185213
9.23877 0.751932 0.185979
9.25928 0.750562 0.186724
9.27979 0.749182 0.187449
9.30029 0.747793 0.188154
9.3208 0.746394 0.188838
9.34131 0.744985 0.189502
9.36182 0.743567 0.190145
9.38232 0.742138 0.190768
9.40283 0.7407 0.191371
9.42334 0.739252 0.191954
9.44385 0.737793 0.192516
9.46436 0.736325 0.193058
9.48486 0.734846 0.193579
9.50537 0.733358 0.19408
9.52588 0.731859 0.194561
9.54639 0.73035 0.195021
9.56689 0.72883 0.195461
9.5874 0.727301 0.195881
9.60791 0.725761 0.19628
9.62842 0.72421 0.196659
9.64893 0.722649 0.197018
9.66943 0.721078 0.197356
9.68994 0.719496 0.197674
9.71045 0.717903 0.197971
9.73096 0.7163 0.198249
9.75146 0.714686 0.198505
9.77197 0.713061 0.198742
9.79248 0.711426 0.198958
9.81299 0.70978 0.199154
9.8335 0.708123 0.199329
9.854 0.706455 0.199484
9.87451 0.704776 0.199619
9.89502 0.703086 0.199733
9.91553 0.701385 0.199827
9.93604 0.699673 0.199901
9.95654 0.69795 0.199954
9.97705 0.696216 0.199987
9.99756 0.694471 0.2
10.0181 0.692714 0.199992
10.0386 0.690946 0.199964
10.0591 0.689167 0.199916
10.0796 0.687376 0.199847
10.1001 0.685574 0.199758
10.1206 0.683761 0.199648
10.1411 0.681936 0.199518
10.1616 0.6801 0.199368
10.1821 0.678251 0.199197
10.2026 0.676392 0.199006
10.2231 0.67452 0.198795
10.2437 0.672637 0.198564
10.2642 0.670743 0.198312
10.2847 0.668836 0.198039
10.3052 0.666918 0.197747
10.3257 0.664987 0.197433
10.3462 0.663045 0.1971
10.3667 0.661091 0.196746
10.3872 0.659125 0.196372
10.4077 0.657147 0.195978
10.4282 0.655157 0.195563
10.4487 0.653154 0.195128
10.4692 0.65114 0.194672
10.4897 0.649113 0.194196
10.5103 0.647074 0.1937
10.5308 0.645023 0.193184
10.5513 0.64296 0.192647
10.5718 0.640884 0.192089
10.5923 0.638795 0.191512
10.6128 0.636695 0.190914
10.6333 0.634581 0.190295
10.6538 0.632456 0.189657
10.6743 0.630317 0.188998
10.6948 0.628167 0.188318
10.7153 0.626003 0.187619
10.7358 0.623827 0.186899
10.7563 0.621638 0.186158
10.7769 0.619436 0.185397
10.7974 0.617222 0.184616
10.8179 0.614994 0.183815
10.8384 0.612754 0.182993
10.8589 0.610501 0.18215
10.8794 0.608235 0.181288
10.8999 0.605956 0.180405
10.9204 0.603664 0.179502
10.9409 0.601359 0.178578
10.9614 0.599041 0.177634
10.9819 0.596709 0.17667
11.0024 0.594365 0.175685
11.0229 0.592007 0.17468
11.0435 0.589636 0.173655
11.064 0.587252 0.172609
11.0845 0.584854 0.171543
11.105 0.582443 0.170456
11.1255 0.580019 0.16935
11.146 0.577581 0.168222
11.1665 0.575129 0.167075
11.187 0.572664 0.165907
11.2075 0.570186 0.164719
11.228 0.567694 0.16351
11.2485 0.565188 0.162281
11.269 0.562669 0.161032
11.2896 0.560136 0.159762
11.3101 0.557589 0.158473
11.3306 0.555029 0.157162
11.3511 0.552455 0.155831
11.3716 0.549867 0.15448
11.3921 0.547265 0.153109
11.4126 0.544649 0.151717
11.4331 0.542019 0.150305
11.4536 0.539375 0.148873
11.4741 0.536717 0.14742
11.4946 0.534045 0.145947
11.5151 0.531359 0.144453
11.5356 0.528659 0.142939
11.5562 0.525945 0.141405
11.5767 0.523217 0.139851
11.5972 0.520474 0.138276
11.6177 0.517717 0.136681
11.6382 0.514946 0.135065
11.6587 0.512161 0.133429
11.6792 0.509361 0.131773
11.6997 0.506546 0.130096
11.7202 0.503718 0.128399
11.7407 0.500875 0.126682
11.7612 0.498017 0.124944
11.7817 0.495145 0.123186
11.8022 0.492258 0.121407
11.8228 0.489357 0.119608
11.8433 0.486441 0.117789
11.8638 0.483511 0.11595
11.8843 0.480566 0.11409
11.9048 0.477606 0.11221
11.9253 0.474631 0.110309
11.9458 0.471642 0.108388
11.9663 0.468638 0.106447
11.9868 0.465619 0.104485
12.0073 0.462585 0.102503
12.0278 0.459536 0.100501
12.0483 0.456472 0.0984784
12.0688 0.453394 0.0964354
12.0894 0.4503 0.094372
12.1099 0.447191 0.0922883
12.1304 0.444068 0.0901842
12.1509 0.440929 0.0880598
12.1714 0.437775 0.085915
12.1919 0.434606 0.0837498
12.2124 0.431422 0.0815643
12.2329 0.428222 0.0793585
12.2534 0.425008 0.0771323
12.2739 0.421778 0.0748857
12.2944 0.418532 0.0726188
12.3149 0.415272 0.0703316
12.3354 0.411996 0.0680239
12.356 0.408705 0.065696
12.3765 0.405398 0.0633477
12.397 0.402076 0.060979
12.4175 0.398739 0.05859
12.438 0.395386 0.0561806
12.4585 0.392017 0.0537509
12.479 0.388633 0.0513008
12.4995 0.385234 0.0488303
12.52 0.381819 0.0463395
12.5405 0.378388 0.0438284
12.561 0.374941 0.0412969
12.5815 0.371479 0.0387451
12.6021 0.368001 0.0361729
12.6226 0.364508 0.0335803
12.6431 0.360999 0.0309674
12.6636 0.357473 0.0283342
12.6841 0.353933 0.0256805
12.7046 0.350375 0.0230066
12.7251 0.346806 0.0203123
12.7456 0.343202 0.0175976
12.7661 0.339663 0.0148626
12.7866 0.335765 0.0121072
12.8071 0.334231 0.00933147
12.8276 0.432781 0.00653539
12.8481 0.547231 0.00371896
12.8687 0.561279 0.000882177
12.8892 0.563553 0
12.9097 0.565609 0
12.9302 0.567465 0
12.9507 0.569169 0
12.9712 0.570722 0
12.9917 0.572125 0
13.0122 0.573419 0
13.0327 0.574628 0
13.0532 0.575764 0
13.0737 0.576837 0
13.0942 0.577855 0
13.1147 0.578826 0
13.1353 0.579753 0
13.1558 0.580642 0
13.1763 0.581496 0
13.1968 0.582317 0
13.2173 0.583108 0
13.2378 0.583873 0
13.2583 0.584613 0
13.2788 0.585329 0
13.2993 0.586022 0
13.3198 0.586695 0
13.3403 0.587348 0
13.3608 0.587983 0
13.3813 0.588601 0
13.4019 0.589202 0
13.4224 0.589787 0
13.4429 0.590357 0
13.4634 0.590913 0
13.4839 0.591455 0
13.5044 0.591984 0
13.5249 0.592501 0
13.5454 0.593005 0
13.5659 0.593499 0
13.5864 0.593981 0
13.6069 0.594452 0
13.6274 0.594913 0
13.6479 0.595365 0
13.6685 0.595807 0
13.689 0.59624 0
13.7095 0.596664 0
13.73 0.597079 0
13.7505 0.597487 0
13.771 0.597886 0
13.7915 0.598277 0
13.812 0.598661 0
13.8325 0.599038 0
13.853 0.599407 0
13.8735 0.599769 0
13.894 0.600125 0
13.9146 0.600473 0
13.9351 0.600815 0
13.9556 0.601151 0
13.9761 0.60148 0
13.9966 0.601804 0
14.0171 0.602121 0
14.0376 0.602433 0
14.0581 0.602739 0
14.0786 0.603039 0
14.0991 0.603334 0
14.1196 0.603624 0
14.1401 0.603909 0
14.1606 0.604188 0
14.1812 0.604462 0
14.2017 0.604731 0
14.2222 0.604994 0
14.2427 0.605252 0
14.2632 0.605505 0
14.2837 0.605754 0
14.3042 0.605997 0
14.3247 0.606236 0
14.3452 0.606471 0
14.3657 0.606702 0
14.3862 0.606929 0
14.4067 0.607152 0
14.4272 0.607373 0
14.4478 0.60759 0
14.4683 0.607803 0
14.4888 0.608012 0
14.5093 0.608217 0
14.5298 0.608417 0
14.5503 0.608612 0
14.5708 0.608802 0
14.5913 0.608986 0
14.6118 0.609164 0
14.6323 0.609337 0
14.6528 0.609504 0
14.6733 0.609665 0
14.6938 0.609822 0
14.7144 0.609974 0
14.7349 0.610123 0
14.7554 0.610269 0
14.7759 0.610413 0
14.7964 0.610556 0
14.8169 0.610697 0
14.8374 0.610837 0
14.8579 0.610977 0
14.8784 0.611117 0
14.8989 0.611257 0
14.9194 0.611396 0
14.9399 0.611535 0
14.9604 0.611674 0
14.981 0.611811 0
15.0015 0.611949 0
15.022 0.612084 0
15.0425 0.612219 0
15.063 0.612353 0
15.0835 0.612484 0
15.104 0.612614 0
15.1245 0.612742 0
15.145 0.612868 0
15.1655 0.612991 0
15.186 0.613113 0
15.2065 0.613231 0
15.2271 0.613348 0
15.2476 0.613461 0
15.2681 0.613572 0
15.2886 0.613681 0
15.3091 0.613787 0
15.3296 0.613891 0
15.3501 0.613993 0
15.3706 0.614092 0
15.3911 0.614189 0
15.4116 0.614284 0
15.4321 0.614378 0
15.4526 0.614469 0
15.4731 0.614559 0
15.4937 0.614647 0
15.5142 0.614733 0
15.5347 0.614818 0
15.5552 0.614901 0
15.5757 0.614982 0
15.5962 0.615062 0
15.6167 0.61514 0
15.6372 0.615217 0
15.6577 0.615292 0
15.6782 0.615365 0
15.6987 0.615437 0
15.7192 0.615507 0
15.7397 0.615575 0
15.7603 0.615642 0
15.7808 0.615707 0
15.8013 0.615771 0
15.8218 0.615833 0
15.8423 0.615893 0
15.8628 0.615952 0
15.8833 0.616009 0
15.9038 0.616064 0
15.9243 0.616118 0
15.9448 0.61617 0
15.9653 0.616221 0
15.9858 0.61627 0
16.0063 0.616317 0
16.0269 0.616363 0
16.0474 0.616407 0
16.0679 0.61645 0
16.0884 0.616491 0
16.1089 0.616531 0
16.1294 0.616569 0
16.1499 0.616606 0
16.1704 0.616641 0
16.1909 0.616675 0
16.2114 0.616707 0
16.2319 0.616738 0
16.2524 0.616767 0
16.2729 0.616795 0
16.2935 0.616822 0
16.314 0.616847 0
16.3345 0.616871 0
16.355 0.616894 0
16.3755 0.616915 0
16.396 0.616935 0
16.4165 0.616953 0
16.437 0.61697 0
16.4575 0.616986 0
16.478 0.617001 0
16.4985 0.617014 0
16.519 0.617026 0
16.5396 0.617037 0
16.5601 0.617047 0
16.5806 0.617055 0
16.6011 0.617062 0
16.6216 0.617068 0
16.6421 0.617073 0
16.6626 0.617077 0
16.6831 0.617079 0
16.7036 0.617081 0
16.7241 0.617081 0
16.7446 0.61708 0
16.7651 0.617078 0
16.7856 0.617075 0
16.8062 0.617071 0
16.8267 0.617065 0
16.8472 0.617059 0
16.8677 0.617051 0
16.8882 0.617043 0
16.9087 0.617033 0
16.9292 0.617022 0
16.9497 0.61701 0
16.9702 0.616996 0
16.9907 0.616982 0
17.0112 0.616966 0
17.0317 0.61695 0
17.0522 0.616932 0
17.0728 0.616914 0
17.0933 0.616895 0
17.1138 0.616875 0
17.1343 0.616854 0
17.1548 0.616832 0
17.1753 0.61681 0
17.1958 0.616786 0
17.2163 0.616763 0
17.2368 0.616738 0
17.2573 0.616713 0
17.2778 0.616687 0
17.2983 0.616661 0
17.3188 0.616633 0
17.3394 0.616606 0
17.3599 0.616577 0
17.3804 0.616548 0
17.4009 0.616518 0
17.4214 0.616487 0
17.4419 0.616456 0
17.4624 0.616423 0
17.4829 0.61639 0
17.5034 0.616357 0
17.5239 0.616322 0
17.5444 0.616287 0
17.5649 0.616251 0
17.5854 0.616215 0
17.606 0.616177 0
17.6265 0.616139 0
17.647 0.616101 0
17.6675 0.616061 0
17.688 0.616021 0
17.7085 0.61598 0
17.729 0.615939 0
17.7495 0.615897 0
17.77 0.615854 0
17.7905 0.615811 0
17.811 0.615766 0
17.8315 0.615722 0
17.8521 0.615676 0
17.8726 0.61563 0
17.8931 0.615584 0
17.9136 0.615537 0
17.9341 0.615489 0
17.9546 0.61544 0
17.9751 0.615391 0
17.9956 0.615341 0
18.0161 0.61529 0
18.0366 0.615239 0
18.0571 0.615187 0
18.0776 0.615135 0
18.0981 0.615081 0
18.1187 0.615027 0
18.1392 0.614973 0
18.1597 0.614917 0
18.1802 0.614861 0
18.2007 0.614804 0
18.2212 0.614746 0
18.2417 0.614688 0
18.2622 0.614628 0
18.2827 0.614568 0
18.3032 0.614507 0
18.3237 0.614445 0
18.3442 0.614382 0
18.3647 0.614318 0
18.3853 0.614253 0
18.4058 0.614187 0
18.4263 0.614121 0
18.4468 0.614053 0
18.4673 0.613984 0
18.4878 0.613914 0
18.5083 0.613843 0
18.5288 0.613771 0
18.5493 0.613698 0
18.5698 0.613623 0
18.5903 0.613548 0
18.6108 0.613471 0
18.6313 0.613392 0
18.6519 0.613313 0
18.6724 0.613232 0
18.6929 0.613151 0
18.7134 0.613068 0
18.7339 0.612984 0
18.7544 0.612899 0
18.7749 0.612814 0
18.7954 0.612727 0
18.8159 0.61264 0
18.8364 0.612552 0
18.8569 0.612464 0
18.8774 0.612375 0
18.8979 0.612285 0
18.9185 0.612195 0
18.939 0.612105 0
18.9595 0.612013 0
18.98 0.611922 0
19.0005 0.61183 0
19.021 0.611737 0
19.0415 0.611644 0
19.062 0.61155 0
19.0825 0.611455 0
19.103 0.61136 0
19.1235 0.611265 0
19.144 0.611169 0
19.1646 0.611072 0
19.1851 0.610975 0
19.2056 0.610877 0
19.2261 0.610779 0
19.2466 0.61068 0
19.2671 0.61058 0
19.2876 0.61048 0
19.3081 0.61038 0
19.3286 0.610278 0
19.3491 0.610177 0
19.3696 0.610074 0
19.3901 0.609971 0
19.4106 0.609868 0
19.4312 0.609763 0
19.4517 0.609659 0
19.4722 0.609553 0
19.4927 0.609447 0
19.5132 0.609341 0
19.5337 0.609233 0
19.5542 0.609126 0
19.5747 0.609017 0
19.5952 0.608908 0
19.6157 0.608799 0
19.6362 0.608689 0
19.6567 0.608578 0
19.6772 0.608467 0
19.6978 0.608355 0
19.7183 0.608242 0
19.7388 0.608129 0
19.7593 0.608015 0
19.7798 0.607901 0
19.8003 0.607786 0
19.8208 0.60767 0
19.8413 0.607554 0
19.8618 0.607438 0
19.8823 0.60732 0
19.9028 0.607202 0
19.9233 0.607084 0
19.9438 0.606965 0
19.9644 0.606846 0
19.9849 0.606725 0
20.0054 0.606605 0
20.0259 0.606483 0
20.0464 0.606361 0
20.0669 0.606239 0
20.0874 0.606115 0
20.1079 0.605992 0
20.1284 0.605867 0
20.1489 0.605742 0
20.1694 0.605616 0
20.1899 0.60549 0
20.2104 0.605363 0
20.231 0.605235 0
20.2515 0.605107 0
20.272 0.604978 0
20.2925 0.604849 0
20.313 0.604718 0
20.3335 0.604587 0
20.354 0.604456 0
20.3745 0.604323 0
20.395 0.60419 0
20.4155 0.604056 0
20.436 0.603922 0
20.4565 0.603787 0
20.4771 0.603651 0
20.4976 0.603514 0
20.5181 0.603377 0
20.5386 0.60324 0
20.5591 0.603101 0
20.5796 0.602962 0
20.6001 0.602822 0
20.6206 0.602681 0
20.6411 0.602539 0
20.6616 0.602397 0
20.6821 0.602253 0
20.7026 0.602108 0
20.7231 0.601963 0
20.7437 0.601817 0
20.7642 0.601669 0
20.7847 0.601522 0
20.8052 0.601373 0
20.8257 0.601224 0
20.8462 0.601075 0
20.8667 0.600925 0
20.8872 0.600775 0
20.9077 0.600625 0
20.9282 0.600474 0
20.9487 0.600326 0
20.9692 0.600181 0
20.9897 0.600095 0
