0.0820312 0.869016 0
0.246094 0.868374 0
0.410156 0.867949 0
0.574219 0.867467 0
0.738281 0.866989 0
0.902344 0.866516 0
1.06641 0.866047 0
1.23047 0.865579 0
1.39453 0.865109 0
1.55859 0.864644 0
1.72266 0.864181 0
1.88672 0.86372 0
2.05078 0.863261 0
2.21484 0.862803 0
2.37891 0.862348 0
2.54297 0.861894 0
2.70703 0.861441 0
2.87109 0.86099 0
3.03516 0.860541 0
3.19922 0.860093 0
3.36328 0.859646 0
3.52734 0.859201 0
3.69141 0.858758 0
3.85547 0.858316 0
4.01953 0.857875 0
4.18359 0.857435 0
4.34766 0.856996 0
4.51172 0.856559 0
4.67578 0.856123 0
4.83984 0.855688 0
5.00391 0.855254 0
5.16797 0.854821 0
5.33203 0.854389 0
5.49609 0.853959 0
5.66016 0.853529 0
5.82422 0.8531 0
5.98828 0.852672 0
6.15234 0.852245 0
6.31641 0.851819 0
6.48047 0.851394 0
6.64453 0.850968 0
6.80859 0.850565 0
6.97266 0.85017 0
7.13672 0.850124 0.00162711
7.30078 0.844584 0.0237089
7.46484 0.839029 0.0444881
7.62891 0.833273 0.0639647
7.79297 0.827124 0.0821387
7.95703 0.820557 0.0990101
8.12109 0.813543 0.114579
8.28516 0.806063 0.128845
8.44922 0.798094 0.141809
8.61328 0.789617 0.15347
8.77734 0.780608 0.163829
8.94141 0.771046 0.172885
9.10547 0.760908 0.180638
9.26953 0.750174 0.187089
9.43359 0.738819 0.192237
9.59766 0.726822 0.196083
9.76172 0.714159 0.198626
9.92578 0.70081 0.199867
10.0898 0.686751 0.199805
10.2539 0.67196 0.19844
10.418 0.656417 0.195773
10.582 0.640099 0.191803
10.7461 0.622987 0.186531
10.9102 0.60506 0.179956
11.0742 0.586297 0.172078
11.2383 0.566682 0.162898
11.4023 0.546183 0.152416
11.5664 0.524849 0.140631
11.7305 0.50235 0.127543
11.8945 0.480072 0.113152
12.0586 0.454697 0.0974595
12.2227 0.432612 0.080464
12.3867 0.409316 0.0621659
12.5508 0.371798 0.0425652
12.7148 0.352527 0.021662
12.8789 0.452322 0
13.043 0.574079 0
13.207 0.588749 0
13.3711 0.593137 0
13.5352 0.597425 0
13.6992 0.600787 0
13.8633 0.603637 0
14.0273 0.606037 0
14.1914 0.608073 0
14.3555 0.609823 0
14.5195 0.611328 0
14.6836 0.612638 0
14.8477 0.613762 0
15.0117 0.614727 0
15.1758 0.615551 0
15.3398 0.616248 0
15.5039 0.616826 0
15.668 0.617301 0
15.832 0.617677 0
15.9961 0.617962 0
16.1602 0.618161 0
16.3242 0.618283 0
16.4883 0.618336 0
16.6523 0.61831 0
16.8164 0.618217 0
16.9805 0.618069 0
17.1445 0.617857 0
17.3086 0.617588 0
17.4727 0.617264 0
17.6367 0.616888 0
17.8008 0.61646 0
17.9648 0.615983 0
18.1289 0.61546 0
18.293 0.61489 0
18.457 0.614274 0
18.6211 0.613615 0
18.7852 0.612914 0
18.9492 0.612169 0
19.1133 0.611385 0
19.2773 0.61056 0
19.4414 0.609694 0
19.6055 0.60879 0
19.7695 0.607846 0
19.9336 0.606864 0
20.0977 0.605843 0
20.2617 0.604786 0
20.4258 0.603689 0
20.5898 0.602574 0
20.7539 0.601451 0
20.918 0.600758 0
