0.328125 0.872026 0
0.984375 0.869627 0
1.64062 0.86797 0
2.29688 0.866151 0
2.95312 0.864378 0
3.60938 0.862606 0
4.26562 0.860867 0
4.92188 0.859099 0
5.57812 0.857574 0
6.23438 0.855469 0
6.89062 0.855198 0
7.54688 0.840529 0.0543892
8.20312 0.811972 0.121875
8.85938 0.777868 0.16852
9.51562 0.734622 0.194323
10.1719 0.680955 0.199285
10.8281 0.615196 0.183406
11.4844 0.539108 0.146686
12.1406 0.4334 0.0891245
12.7969 0.390799 0.0107219
13.4531 0.531326 0
14.1094 0.609254 0
14.7656 0.612504 0
15.4219 0.615989 0
16.0781 0.617887 0
16.7344 0.618304 0
17.3906 0.617421 0
18.0469 0.615596 0
18.7031 0.612903 0
19.3594 0.609539 0
20.0156 0.605748 0
20.6719 0.603156 0
