0.0205078 0.86869 0
0.0615234 0.868525 0
0.102539 0.868424 0
0.143555 0.868303 0
0.18457 0.868185 0
0.225586 0.868063 0
0.266602 0.867943 0
0.307617 0.867824 0
0.348633 0.867704 0
0.389648 0.867584 0
0.430664 0.867464 0
0.47168 0.867345 0
0.512695 0.867225 0
0.553711 0.867106 0
0.594727 0.866987 0
0.635742 0.866868 0
0.676758 0.866749 0
0.717773 0.86663 0
0.758789 0.866512 0
0.799805 0.866393 0
0.84082 0.866275 0
0.881836 0.866156 0
0.922852 0.866038 0
0.963867 0.86592 0
1.00488 0.865803 0
1.0459 0.865685 0
1.08691 0.865567 0
1.12793 0.86545 0
1.16895 0.865333 0
1.20996 0.865215 0
1.25098 0.865098 0
1.29199 0.864982 0
1.33301 0.864865 0
1.37402 0.864748 0
1.41504 0.864631 0
1.45605 0.864515 0
1.49707 0.864399 0
1.53809 0.864283 0
1.5791 0.864167 0
1.62012 0.864051 0
1.66113 0.863935 0
1.70215 0.863819 0
1.74316 0.863704 0
1.78418 0.863588 0
1.8252 0.863473 0
1.86621 0.863358 0
1.90723 0.863242 0
1.94824 0.863128 0
1.98926 0.863013 0
2.03027 0.862898 0
2.07129 0.862783 0
2.1123 0.862669 0
2.15332 0.862554 0
2.19434 0.86244 0
2.23535 0.862326 0
2.27637 0.862212 0
2.31738 0.862098 0
2.3584 0.861984 0
2.39941 0.86187 0
2.44043 0.861756 0
2.48145 0.861643 0
2.52246 0.861529 0
2.56348 0.861416 0
2.60449 0.861303 0
2.64551 0.86119 0
2.68652 0.861077 0
2.72754 0.860964 0
2.76855 0.860851 0
2.80957 0.860738 0
2.85059 0.860625 0
2.8916 0.860513 0
2.93262 0.8604 0
2.97363 0.860288 0
3.01465 0.860176 0
3.05566 0.860064 0
3.09668 0.859951 0
3.1377 0.859839 0
3.17871 0.859728 0
3.21973 0.859616 0
3.26074 0.859504 0
3.30176 0.859392 0
3.34277 0.859281 0
3.38379 0.859169 0
3.4248 0.859058 0
3.46582 0.858947 0
3.50684 0.858836 0
3.54785 0.858724 0
3.58887 0.858613 0
3.62988 0.858503 0
3.6709 0.858392 0
3.71191 0.858281 0
3.75293 0.85817 0
3.79395 0.85806 0
3.83496 0.857949 0
3.87598 0.857839 0
3.91699 0.857728 0
3.95801 0.857618 0
3.99902 0.857508 0
4.04004 0.857398 0
4.08105 0.857288 0
4.12207 0.857178 0
4.16309 0.857068 0
4.2041 0.856958 0
4.24512 0.856848 0
4.28613 0.856739 0
4.32715 0.856629 0
4.36816 0.85652 0
4.40918 0.85641 0
4.4502 0.856301 0
4.49121 0.856192 0
4.53223 0.856082 0
4.57324 0.855973 0
4.61426 0.855864 0
4.65527 0.855755 0
4.69629 0.855646 0
4.7373 0.855537 0
4.77832 0.855429 0
4.81934 0.85532 0
4.86035 0.855211 0
4.90137 0.855103 0
4.94238 0.854994 0
4.9834 0.854886 0
5.02441 0.854777 0
5.06543 0.854669 0
5.10645 0.854561 0
5.14746 0.854453 0
5.18848 0.854345 0
5.22949 0.854236 0
5.27051 0.854128 0
5.31152 0.854021 0
5.35254 0.853913 0
5.39355 0.853805 0
5.43457 0.853697 0
5.47559 0.853589 0
5.5166 0.853482 0
5.55762 0.853374 0
5.59863 0.853267 0
5.63965 0.853159 0
5.68066 0.853052 0
5.72168 0.852945 0
5.7627 0.852837 0
5.80371 0.85273 0
5.84473 0.852623 0
5.88574 0.852516 0
5.92676 0.852409 0
5.96777 0.852302 0
6.00879 0.852195 0
6.0498 0.852088 0
6.09082 0.851981 0
6.13184 0.851874 0
6.17285 0.851768 0
6.21387 0.851661 0
6.25488 0.851554 0
6.2959 0.851448 0
6.33691 0.851341 0
6.37793 0.851235 0
6.41895 0.851128 0
6.45996 0.851022 0
6.50098 0.850916 0
6.54199 0.850809 0
6.58301 0.850703 0
6.62402 0.850597 0
6.66504 0.850491 0
6.70605 0.850385 0
6.74707 0.850279 0
6.78809 0.850173 0
6.8291 0.850067 0
6.87012 0.849961 0
6.91113 0.849855 0
6.95215 0.849751 0
6.99316 0.849643 0
7.03418 0.849552 0
7.0752 0.849428 0
7.11621 0.849429 0
7.15723 0.848462 0.00445857
7.19824 0.847165 0.0100604
7.23926 0.845918 0.0155809
7.28027 0.844653 0.0210199
7.32129 0.843369 0.0263775
7.3623 0.842061 0.0316537
7.40332 0.84073 0.0368485
7.44434 0.839374 0.0419619
7.48535 0.837993 0.0469939
7.52637 0.836588 0.0519444
7.56738 0.835158 0.0568136
7.6084 0.833702 0.0616013
7.64941 0.832221 0.0663076
7.69043 0.830714 0.0709326
7.73145 0.82918 0.0754761
7.77246 0.827621 0.0799382
7.81348 0.826035 0.0843189
7.85449 0.824422 0.0886181
7.89551 0.822782 0.092836
7.93652 0.821114 0.0969724
7.97754 0.819418 0.101027
8.01855 0.817694 0.105001
8.05957 0.815942 0.108893
8.10059 0.814162 0.112704
8.1416 0.812352 0.116434
8.18262 0.810512 0.120082
8.22363 0.808644 0.123648
8.26465 0.806745 0.127133
8.30566 0.804815 0.130537
8.34668 0.802855 0.133859
8.3877 0.800865 0.1371
8.42871 0.798842 0.14026
8.46973 0.796788 0.143338
8.51074 0.794703 0.146335
8.55176 0.792584 0.14925
8.59277 0.790434 0.152084
8.63379 0.78825 0.154836
8.6748 0.786032 0.157507
8.71582 0.783781 0.160097
8.75684 0.781497 0.162605
8.79785 0.779177 0.165032
8.83887 0.776823 0.167377
8.87988 0.774434 0.169641
8.9209 0.772009 0.171824
8.96191 0.769549 0.173925
9.00293 0.767053 0.175945
9.04395 0.76452 0.177883
9.08496 0.76195 0.17974
9.12598 0.759343 0.181516
9.16699 0.756698 0.18321
9.20801 0.754016 0.184823
9.24902 0.751296 0.186354
9.29004 0.748537 0.187804
9.33105 0.745739 0.189172
9.37207 0.742901 0.190459
9.41309 0.740024 0.191665
9.4541 0.737107 0.192789
9.49512 0.73415 0.193832
9.53613 0.731152 0.194794
9.57715 0.728113 0.195674
9.61816 0.725033 0.196472
9.65918 0.721911 0.197189
9.7002 0.718747 0.197825
9.74121 0.71554 0.19838
9.78223 0.71229 0.198852
9.82324 0.708998 0.199244
9.86426 0.705662 0.199554
9.90527 0.702282 0.199783
9.94629 0.698858 0.19993
9.9873 0.695389 0.199996
10.0283 0.691876 0.199981
10.0693 0.688317 0.199884
10.1104 0.684713 0.199705
10.1514 0.681063 0.199446
10.1924 0.677367 0.199104
10.2334 0.673624 0.198682
10.2744 0.669834 0.198178
10.3154 0.665997 0.197593
10.3564 0.662113 0.196926
10.3975 0.658181 0.196178
10.4385 0.6542 0.195348
10.4795 0.650171 0.194437
10.5205 0.646093 0.193444
10.5615 0.641965 0.192371
10.6025 0.637789 0.191215
10.6436 0.633562 0.189979
10.6846 0.629285 0.188661
10.7256 0.624958 0.187261
10.7666 0.62058 0.18578
10.8076 0.616151 0.184218
10.8486 0.61167 0.182574
10.8896 0.607138 0.180849
10.9307 0.602554 0.179042
10.9717 0.597917 0.177155
11.0127 0.593228 0.175185
11.0537 0.588486 0.173134
11.0947 0.58369 0.171002
11.1357 0.578841 0.168789
11.1768 0.573938 0.166494
11.2178 0.568981 0.164117
11.2588 0.56397 0.161659
11.2998 0.558904 0.15912
11.3408 0.553783 0.156499
11.3818 0.548606 0.153797
11.4229 0.543374 0.151014
11.4639 0.538087 0.148149
11.5049 0.532743 0.145203
11.5459 0.527342 0.142175
11.5869 0.521885 0.139066
11.6279 0.516371 0.135875
11.6689 0.5108 0.132603
11.71 0.505172 0.12925
11.751 0.499485 0.125815
11.792 0.493741 0.122299
11.833 0.487938 0.118701
11.874 0.482077 0.115022
11.915 0.476157 0.111262
11.9561 0.470178 0.10742
11.9971 0.46414 0.103497
12.0381 0.458042 0.0994923
12.0791 0.451885 0.0954063
12.1201 0.445667 0.0912388
12.1611 0.43939 0.0869899
12.2021 0.433051 0.0826596
12.2432 0.426652 0.0782479
12.2842 0.420192 0.0737548
12.3252 0.413671 0.0691803
12.3662 0.407089 0.0645244
12.4072 0.400445 0.059787
12.4482 0.393737 0.0549683
12.4893 0.386978 0.0500681
12.5303 0.380105 0.0450865
12.5713 0.373394 0.0400235
12.6123 0.36618 0.0348791
12.6533 0.359865 0.0296533
12.6943 0.353443 0.0243461
12.7354 0.343874 0.0189575
12.7764 0.33887 0.0134874
12.8174 0.415748 0.00793598
12.8584 0.542564 0.00230311
12.8994 0.56481 0
12.9404 0.567538 0
12.9814 0.570256 0
13.0225 0.572818 0
13.0635 0.575075 0
13.1045 0.57712 0
13.1455 0.578977 0
13.1865 0.580688 0
13.2275 0.582283 0
13.2686 0.583773 0
13.3096 0.58517 0
13.3506 0.586488 0
13.3916 0.587735 0
13.4326 0.588918 0
13.4736 0.590044 0
13.5146 0.591116 0
13.5557 0.59214 0
13.5967 0.593119 0
13.6377 0.594057 0
13.6787 0.594956 0
13.7197 0.595818 0
13.7607 0.596648 0
13.8018 0.597446 0
13.8428 0.598214 0
13.8838 0.598954 0
13.9248 0.599667 0
13.9658 0.600355 0
14.0068 0.601019 0
14.0479 0.601659 0
14.0889 0.602278 0
14.1299 0.602875 0
14.1709 0.603452 0
14.2119 0.604009 0
14.2529 0.604547 0
14.2939 0.605068 0
14.335 0.605571 0
14.376 0.606057 0
14.417 0.606527 0
14.458 0.606982 0
14.499 0.607421 0
14.54 0.607846 0
14.5811 0.608258 0
14.6221 0.608655 0
14.6631 0.60904 0
14.7041 0.609412 0
14.7451 0.609772 0
14.7861 0.610119 0
14.8271 0.610456 0
14.8682 0.610781 0
14.9092 0.611095 0
14.9502 0.611398 0
14.9912 0.611692 0
15.0322 0.611975 0
15.0732 0.612249 0
15.1143 0.612514 0
15.1553 0.612769 0
15.1963 0.613016 0
15.2373 0.613254 0
15.2783 0.613484 0
15.3193 0.613705 0
15.3604 0.613919 0
15.4014 0.614124 0
15.4424 0.614323 0
15.4834 0.614514 0
15.5244 0.614698 0
15.5654 0.614875 0
15.6064 0.615045 0
15.6475 0.615209 0
15.6885 0.615367 0
15.7295 0.615518 0
15.7705 0.615664 0
15.8115 0.615803 0
15.8525 0.615938 0
15.8936 0.616066 0
15.9346 0.616189 0
15.9756 0.616306 0
16.0166 0.616418 0
16.0576 0.616524 0
16.0986 0.616624 0
16.1396 0.616718 0
16.1807 0.616806 0
16.2217 0.616889 0
16.2627 0.616964 0
16.3037 0.617034 0
16.3447 0.617097 0
16.3857 0.617153 0
16.4268 0.617203 0
16.4678 0.617247 0
16.5088 0.617284 0
16.5498 0.617315 0
16.5908 0.617339 0
16.6318 0.617358 0
16.6729 0.61737 0
16.7139 0.617378 0
16.7549 0.617379 0
16.7959 0.617375 0
16.8369 0.617366 0
16.8779 0.617351 0
16.9189 0.617332 0
16.96 0.617308 0
17.001 0.617279 0
17.042 0.617246 0
17.083 0.617209 0
17.124 0.617168 0
17.165 0.617124 0
17.2061 0.617077 0
17.2471 0.617027 0
17.2881 0.616974 0
17.3291 0.616917 0
17.3701 0.616856 0
17.4111 0.616789 0
17.4521 0.616718 0
17.4932 0.616641 0
17.5342 0.616558 0
17.5752 0.616471 0
17.6162 0.616378 0
17.6572 0.616282 0
17.6982 0.616181 0
17.7393 0.616076 0
17.7803 0.615966 0
17.8213 0.615851 0
17.8623 0.61573 0
17.9033 0.615606 0
17.9443 0.615477 0
17.9854 0.615345 0
18.0264 0.615212 0
18.0674 0.615077 0
18.1084 0.614941 0
18.1494 0.614803 0
18.1904 0.614662 0
18.2314 0.614514 0
18.2725 0.614359 0
18.3135 0.614195 0
18.3545 0.614021 0
18.3955 0.613838 0
18.4365 0.613647 0
18.4775 0.613449 0
18.5186 0.613247 0
18.5596 0.613043 0
18.6006 0.61284 0
18.6416 0.612638 0
18.6826 0.61244 0
18.7236 0.612248 0
18.7646 0.612061 0
18.8057 0.611879 0
18.8467 0.611701 0
18.8877 0.611526 0
18.9287 0.611354 0
18.9697 0.611183 0
19.0107 0.611013 0
19.0518 0.610842 0
19.0928 0.610672 0
19.1338 0.6105 0
19.1748 0.610327 0
19.2158 0.610153 0
19.2568 0.609978 0
19.2979 0.609801 0
19.3389 0.609623 0
19.3799 0.609443 0
19.4209 0.60926 0
19.4619 0.609076 0
19.5029 0.608888 0
19.5439 0.608698 0
19.585 0.608506 0
19.626 0.60831 0
19.667 0.608112 0
19.708 0.60791 0
19.749 0.607706 0
19.79 0.607498 0
19.8311 0.607287 0
19.8721 0.607073 0
19.9131 0.606855 0
19.9541 0.606634 0
19.9951 0.606409 0
20.0361 0.60618 0
20.0771 0.605948 0
20.1182 0.605713 0
20.1592 0.605474 0
20.2002 0.605231 0
20.2412 0.604985 0
20.2822 0.604736 0
20.3232 0.604484 0
20.3643 0.604228 0
20.4053 0.60397 0
20.4463 0.603708 0
20.4873 0.603443 0
20.5283 0.603175 0
20.5693 0.602904 0
20.6104 0.60263 0
20.6514 0.602353 0
20.6924 0.602073 0
20.7334 0.601791 0
20.7744 0.601505 0
20.8154 0.601218 0
20.8564 0.600927 0
20.8975 0.60064 0
20.9385 0.600357 0
20.9795 0.60019 0
