0.164062 0.869718 0
0.492188 0.868449 0
0.820312 0.867605 0
1.14844 0.866656 0
1.47656 0.865721 0
1.80469 0.864795 0
2.13281 0.86388 0
2.46094 0.86297 0
2.78906 0.862064 0
3.11719 0.861165 0
3.44531 0.860274 0
3.77344 0.859388 0
4.10156 0.858507 0
4.42969 0.857631 0
4.75781 0.85676 0
5.08594 0.855893 0
5.41406 0.855031 0
5.74219 0.85418 0
6.07031 0.85331 0
6.39844 0.852584 0
6.72656 0.851567 0
7.05469 0.851612 0
7.38281 0.842912 0.0342613
7.71094 0.830917 0.0732145
8.03906 0.817644 0.106957
8.36719 0.802635 0.13549
8.69531 0.78565 0.158812
9.02344 0.766502 0.176924
9.35156 0.745008 0.189826
9.67969 0.72099 0.197517
10.0078 0.694266 0.199999
10.3359 0.664666 0.197269
10.6641 0.632002 0.18933
10.9922 0.596233 0.17618
11.3203 0.556234 0.15782
11.6484 0.517124 0.134249
11.9766 0.478621 0.105469
12.3047 0.406163 0.0714777
12.6328 0.36826 0.0322764
12.9609 0.447419 0
13.2891 0.577535 0
13.6172 0.59752 0
13.9453 0.602497 0
14.2734 0.607064 0
14.6016 0.610341 0
14.9297 0.612842 0
15.2578 0.614655 0
15.5859 0.61593 0
15.9141 0.616791 0
16.2422 0.617286 0
16.5703 0.61747 0
16.8984 0.617341 0
17.2266 0.616964 0
17.5547 0.616374 0
17.8828 0.61556 0
18.2109 0.614555 0
18.5391 0.613362 0
18.8672 0.611989 0
19.1953 0.610451 0
19.5234 0.60875 0
19.8516 0.606888 0
20.1797 0.604903 0
20.5078 0.602846 0
20.8359 0.601535 0
