0.0205078 0.871766 0
0.0615234 0.871602 0
0.102539 0.871495 0
0.143555 0.871372 0
0.18457 0.871251 0
0.225586 0.871131 0
0.266602 0.871011 0
0.307617 0.870889 0
0.348633 0.870769 0
0.389648 0.870649 0
0.430664 0.870529 0
0.47168 0.870409 0
0.512695 0.870289 0
0.553711 0.870169 0
0.594727 0.870049 0
0.635742 0.86993 0
0.676758 0.86981 0
0.717773 0.869691 0
0.758789 0.869572 0
0.799805 0.869453 0
0.84082 0.869334 0
0.881836 0.869215 0
0.922852 0.869096 0
0.963867 0.868977 0
1.00488 0.868859 0
1.0459 0.86874 0
1.08691 0.868622 0
1.12793 0.868504 0
1.16895 0.868385 0
1.20996 0.868267 0
1.25098 0.868149 0
1.29199 0.868032 0
1.33301 0.867914 0
1.37402 0.867796 0
1.41504 0.867679 0
1.45605 0.867561 0
1.49707 0.867444 0
1.53809 0.867326 0
1.5791 0.867209 0
1.62012 0.867092 0
1.66113 0.866975 0
1.70215 0.866858 0
1.74316 0.866741 0
1.78418 0.866624 0
1.8252 0.866508 0
1.86621 0.866391 0
1.90723 0.866275 0
1.94824 0.866158 0
1.98926 0.866042 0
2.03027 0.865926 0
2.07129 0.865809 0
2.1123 0.865693 0
2.15332 0.865577 0
2.19434 0.865461 0
2.23535 0.865345 0
2.27637 0.86523 0
2.31738 0.865114 0
2.3584 0.864998 0
2.39941 0.864883 0
2.44043 0.864767 0
2.48145 0.864652 0
2.52246 0.864536 0
2.56348 0.864421 0
2.60449 0.864306 0
2.64551 0.864191 0
2.68652 0.864075 0
2.72754 0.86396 0
2.76855 0.863845 0
2.80957 0.863731 0
2.85059 0.863616 0
2.8916 0.863501 0
2.93262 0.863386 0
2.97363 0.863272 0
3.01465 0.863157 0
3.05566 0.863043 0
3.09668 0.862928 0
3.1377 0.862814 0
3.17871 0.862699 0
3.21973 0.862585 0
3.26074 0.862471 0
3.30176 0.862357 0
3.34277 0.862243 0
3.38379 0.862129 0
3.4248 0.862015 0
3.46582 0.861901 0
3.50684 0.861787 0
3.54785 0.861673 0
3.58887 0.861559 0
3.62988 0.861446 0
3.6709 0.861332 0
3.71191 0.861218 0
3.75293 0.861105 0
3.79395 0.860991 0
3.83496 0.860878 0
3.87598 0.860764 0
3.91699 0.860651 0
3.95801 0.860538 0
3.99902 0.860425 0
4.04004 0.860311 0
4.08105 0.860198 0
4.12207 0.860085 0
4.16309 0.859972 0
4.2041 0.859859 0
4.24512 0.859746 0
4.28613 0.859633 0
4.32715 0.85952 0
4.36816 0.859407 0
4.40918 0.859295 0
4.4502 0.859182 0
4.49121 0.859069 0
4.53223 0.858956 0
4.57324 0.858844 0
4.61426 0.858731 0
4.65527 0.858618 0
4.69629 0.858506 0
4.7373 0.858393 0
4.77832 0.858281 0
4.81934 0.858169 0
4.86035 0.858056 0
4.90137 0.857944 0
4.94238 0.857831 0
4.9834 0.857719 0
5.02441 0.857607 0
5.06543 0.857495 0
5.10645 0.857383 0
5.14746 0.85727 0
5.18848 0.857158 0
5.22949 0.857046 0
5.27051 0.856934 0
5.31152 0.856822 0
5.35254 0.85671 0
5.39355 0.856598 0
5.43457 0.856486 0
5.47559 0.856374 0
5.5166 0.856262 0
5.55762 0.85615 0
5.59863 0.856038 0
5.63965 0.855926 0
5.68066 0.855815 0
5.72168 0.855703 0
5.7627 0.855591 0
5.80371 0.855479 0
5.84473 0.855368 0
5.88574 0.855256 0
5.92676 0.855144 0
5.96777 0.855032 0
6.00879 0.854921 0
6.0498 0.854809 0
6.09082 0.854697 0
6.13184 0.854586 0
6.17285 0.854474 0
6.21387 0.854363 0
6.25488 0.854251 0
6.2959 0.854139 0
6.33691 0.854028 0
6.37793 0.853916 0
6.41895 0.853805 0
6.45996 0.853693 0
6.50098 0.853582 0
6.54199 0.85347 0
6.58301 0.853359 0
6.62402 0.853247 0
6.66504 0.853136 0
6.70605 0.853024 0
6.74707 0.852913 0
6.78809 0.852802 0
6.8291 0.85269 0
6.87012 0.852579 0
6.91113 0.852467 0
6.95215 0.852357 0
6.99316 0.852245 0
7.03418 0.852146 0
7.0752 0.85203 0
7.11621 0.852006 0
7.15723 0.851023 0.00445857
7.19824 0.849703 0.0100604
7.23926 0.848433 0.0155809
7.28027 0.847147 0.0210199
7.32129 0.845841 0.0263775
7.3623 0.844514 0.0316537
7.40332 0.843163 0.0368485
7.44434 0.841789 0.0419619
7.48535 0.840391 0.0469939
7.52637 0.838968 0.0519444
7.56738 0.837522 0.0568136
7.6084 0.836051 0.0616013
7.64941 0.834555 0.0663076
7.69043 0.833033 0.0709326
7.73145 0.831487 0.0754761
7.77246 0.829914 0.0799382
7.81348 0.828316 0.0843189
7.85449 0.82669 0.0886181
7.89551 0.825039 0.092836
7.93652 0.82336 0.0969724
7.97754 0.821654 0.101027
8.01855 0.81992 0.105001
8.05957 0.818158 0.108893
8.10059 0.816368 0.112704
8.1416 0.814549 0.116434
8.18262 0.812701 0.120082
8.22363 0.810824 0.123648
8.26465 0.808917 0.127133
8.30566 0.806981 0.130537
8.34668 0.805014 0.133859
8.3877 0.803016 0.1371
8.42871 0.800987 0.14026
8.46973 0.798927 0.143338
8.51074 0.796835 0.146335
8.55176 0.794712 0.14925
8.59277 0.792556 0.152084
8.63379 0.790367 0.154836
8.6748 0.788145 0.157507
8.71582 0.78589 0.160097
8.75684 0.783601 0.162605
8.79785 0.781277 0.165032
8.83887 0.77892 0.167377
8.87988 0.776527 0.169641
8.9209 0.7741 0.171824
8.96191 0.771637 0.173925
9.00293 0.769138 0.175945
9.04395 0.766602 0.177883
9.08496 0.764031 0.17974
9.12598 0.761422 0.181516
9.16699 0.758776 0.18321
9.20801 0.756092 0.184823
9.24902 0.75337 0.186354
9.29004 0.75061 0.187804
9.33105 0.747811 0.189172
9.37207 0.744973 0.190459
9.41309 0.742096 0.191665
9.4541 0.739179 0.192789
9.49512 0.736222 0.193832
9.53613 0.733224 0.194794
9.57715 0.730185 0.195674
9.61816 0.727106 0.196472
9.65918 0.723984 0.197189
9.7002 0.720821 0.197825
9.74121 0.717616 0.19838
9.78223 0.714368 0.198852
9.82324 0.711077 0.199244
9.86426 0.707742 0.199554
9.90527 0.704364 0.199783
9.94629 0.700942 0.19993
9.9873 0.697476 0.199996
10.0283 0.693965 0.199981
10.0693 0.690409 0.199884
10.1104 0.686808 0.199705
10.1514 0.68316 0.199446
10.1924 0.679467 0.199104
10.2334 0.675728 0.198682
10.2744 0.671941 0.198178
10.3154 0.668108 0.197593
10.3564 0.664227 0.196926
10.3975 0.660299 0.196178
10.4385 0.656323 0.195348
10.4795 0.652298 0.194437
10.5205 0.648224 0.193444
10.5615 0.644102 0.192371
10.6025 0.63993 0.191215
10.6436 0.635708 0.189979
10.6846 0.631437 0.188661
10.7256 0.627115 0.187261
10.7666 0.622742 0.18578
10.8076 0.618319 0.184218
10.8486 0.613844 0.182574
10.8896 0.609318 0.180849
10.9307 0.604739 0.179042
10.9717 0.600109 0.177155
11.0127 0.595426 0.175185
11.0537 0.590691 0.173134
11.0947 0.585902 0.171002
11.1357 0.58106 0.168789
11.1768 0.576164 0.166494
11.2178 0.571214 0.164117
11.2588 0.56621 0.161659
11.2998 0.561152 0.15912
11.3408 0.556038 0.156499
11.3818 0.55087 0.153797
11.4229 0.545646 0.151014
11.4639 0.540366 0.148149
11.5049 0.535031 0.145203
11.5459 0.529639 0.142175
11.5869 0.524191 0.139066
11.6279 0.518685 0.135875
11.6689 0.513123 0.132603
11.71 0.507504 0.12925
11.751 0.501827 0.125815
11.792 0.496092 0.122299
11.833 0.490299 0.118701
11.874 0.484448 0.115022
11.915 0.478538 0.111262
11.9561 0.472569 0.10742
11.9971 0.466541 0.103497
12.0381 0.460453 0.0994923
12.0791 0.454306 0.0954063
12.1201 0.4481 0.0912388
12.1611 0.441833 0.0869899
12.2021 0.435505 0.0826596
12.2432 0.429118 0.0782479
12.2842 0.422669 0.0737548
12.3252 0.41616 0.0691803
12.3662 0.409584 0.0645244
12.4072 0.402973 0.059787
12.4482 0.396188 0.0549683
12.4893 0.389819 0.0500681
12.5303 0.382574 0.0450865
12.5713 0.376567 0.0400235
12.6123 0.370491 0.0348791
12.6533 0.360532 0.0296533
12.6943 0.355319 0.0243461
12.7354 0.449866 0.0189575
12.7764 0.597558 0.0134874
12.8174 0.612339 0.00793598
12.8584 0.61632 0.00230311
12.8994 0.619344 0
12.9404 0.620918 0
12.9814 0.622362 0
13.0225 0.623722 0
13.0635 0.624973 0
13.1045 0.626118 0
13.1455 0.627176 0
13.1865 0.628155 0
13.2275 0.629065 0
13.2686 0.629916 0
13.3096 0.630713 0
13.3506 0.63146 0
13.3916 0.632165 0
13.4326 0.63283 0
13.4736 0.63346 0
13.5146 0.634058 0
13.5557 0.634627 0
13.5967 0.635168 0
13.6377 0.635684 0
13.6787 0.636177 0
13.7197 0.636647 0
13.7607 0.637095 0
13.8018 0.637524 0
13.8428 0.637932 0
13.8838 0.63832 0
13.9248 0.63869 0
13.9658 0.639041 0
14.0068 0.639373 0
14.0479 0.639686 0
14.0889 0.639981 0
14.1299 0.640258 0
14.1709 0.640517 0
14.2119 0.64076 0
14.2529 0.640985 0
14.2939 0.641195 0
14.335 0.641388 0
14.376 0.641567 0
14.417 0.641732 0
14.458 0.641883 0
14.499 0.642022 0
14.54 0.642149 0
14.5811 0.642263 0
14.6221 0.642367 0
14.6631 0.64246 0
14.7041 0.642543 0
14.7451 0.642616 0
14.7861 0.642679 0
14.8271 0.642732 0
14.8682 0.642777 0
14.9092 0.642813 0
14.9502 0.642839 0
14.9912 0.642858 0
15.0322 0.642869 0
15.0732 0.642872 0
15.1143 0.642866 0
15.1553 0.642853 0
15.1963 0.642833 0
15.2373 0.642806 0
15.2783 0.642772 0
15.3193 0.642731 0
15.3604 0.642684 0
15.4014 0.64263 0
15.4424 0.642571 0
15.4834 0.642505 0
15.5244 0.642433 0
15.5654 0.642355 0
15.6064 0.642271 0
15.6475 0.642182 0
15.6885 0.642087 0
15.7295 0.641987 0
15.7705 0.641882 0
15.8115 0.641771 0
15.8525 0.641655 0
15.8936 0.641535 0
15.9346 0.641409 0
15.9756 0.641278 0
16.0166 0.641142 0
16.0576 0.641001 0
16.0986 0.640856 0
16.1396 0.640705 0
16.1807 0.64055 0
16.2217 0.640391 0
16.2627 0.640227 0
16.3037 0.640058 0
16.3447 0.639885 0
16.3857 0.639708 0
16.4268 0.639527 0
16.4678 0.639343 0
16.5088 0.639154 0
16.5498 0.638962 0
16.5908 0.638767 0
16.6318 0.638568 0
16.6729 0.638365 0
16.7139 0.638159 0
16.7549 0.63795 0
16.7959 0.637737 0
16.8369 0.637521 0
16.8779 0.637301 0
16.9189 0.637077 0
16.96 0.63685 0
17.001 0.636619 0
17.042 0.636384 0
17.083 0.636146 0
17.124 0.635904 0
17.165 0.635658 0
17.2061 0.635408 0
17.2471 0.635155 0
17.2881 0.634897 0
17.3291 0.634636 0
17.3701 0.63437 0
17.4111 0.6341 0
17.4521 0.633826 0
17.4932 0.633548 0
17.5342 0.633267 0
17.5752 0.632983 0
17.6162 0.632697 0
17.6572 0.632408 0
17.6982 0.632117 0
17.7393 0.631824 0
17.7803 0.631528 0
17.8213 0.631227 0
17.8623 0.63092 0
17.9033 0.630608 0
17.9443 0.63029 0
17.9854 0.629968 0
18.0264 0.629642 0
18.0674 0.629314 0
18.1084 0.628984 0
18.1494 0.628654 0
18.1904 0.628322 0
18.2314 0.627988 0
18.2725 0.627648 0
18.3135 0.627302 0
18.3545 0.626949 0
18.3955 0.626587 0
18.4365 0.626217 0
18.4775 0.62584 0
18.5186 0.625456 0
18.5596 0.625066 0
18.6006 0.624672 0
18.6416 0.624275 0
18.6826 0.623875 0
18.7236 0.623473 0
18.7646 0.62307 0
18.8057 0.622668 0
18.8467 0.622268 0
18.8877 0.621872 0
18.9287 0.621481 0
18.9697 0.621095 0
19.0107 0.620716 0
19.0518 0.620342 0
19.0928 0.619972 0
19.1338 0.619606 0
19.1748 0.61924 0
19.2158 0.618874 0
19.2568 0.618508 0
19.2979 0.618139 0
19.3389 0.617767 0
19.3799 0.617392 0
19.4209 0.617015 0
19.4619 0.616633 0
19.5029 0.616249 0
19.5439 0.61586 0
19.585 0.615467 0
19.626 0.615071 0
19.667 0.614671 0
19.708 0.614267 0
19.749 0.613859 0
19.79 0.613448 0
19.8311 0.613033 0
19.8721 0.612614 0
19.9131 0.612191 0
19.9541 0.611766 0
19.9951 0.611336 0
20.0361 0.610903 0
20.0771 0.610467 0
20.1182 0.610027 0
20.1592 0.609584 0
20.2002 0.609138 0
20.2412 0.608688 0
20.2822 0.608235 0
20.3232 0.607779 0
20.3643 0.60732 0
20.4053 0.606857 0
20.4463 0.606391 0
20.4873 0.605922 0
20.5283 0.605449 0
20.5693 0.604972 0
20.6104 0.604493 0
20.6514 0.60401 0
20.6924 0.603524 0
20.7334 0.603035 0
20.7744 0.602544 0
20.8154 0.602051 0
20.8564 0.601554 0
20.8975 0.601065 0
20.9385 0.600568 0
20.9795 0.600232 0
