0.0205078 0.871784 0
0.0615234 0.871619 0
0.102539 0.871512 0
0.143555 0.871389 0
0.18457 0.871269 0
0.225586 0.871148 0
0.266602 0.871027 0
0.307617 0.870906 0
0.348633 0.870786 0
0.389648 0.870665 0
0.430664 0.870545 0
0.47168 0.870425 0
0.512695 0.870305 0
0.553711 0.870185 0
0.594727 0.870065 0
0.635742 0.869945 0
0.676758 0.869826 0
0.717773 0.869706 0
0.758789 0.869587 0
0.799805 0.869468 0
0.84082 0.869349 0
0.881836 0.86923 0
0.922852 0.869111 0
0.963867 0.868992 0
1.00488 0.868874 0
1.0459 0.868755 0
1.08691 0.868637 0
1.12793 0.868518 0
1.16895 0.8684 0
1.20996 0.868282 0
1.25098 0.868164 0
1.29199 0.868046 0
1.33301 0.867928 0
1.37402 0.86781 0
1.41504 0.867693 0
1.45605 0.867575 0
1.49707 0.867458 0
1.53809 0.867341 0
1.5791 0.867223 0
1.62012 0.867106 0
1.66113 0.866989 0
1.70215 0.866872 0
1.74316 0.866755 0
1.78418 0.866638 0
1.8252 0.866522 0
1.86621 0.866405 0
1.90723 0.866288 0
1.94824 0.866172 0
1.98926 0.866055 0
2.03027 0.865939 0
2.07129 0.865823 0
2.1123 0.865707 0
2.15332 0.865591 0
2.19434 0.865475 0
2.23535 0.865359 0
2.27637 0.865243 0
2.31738 0.865127 0
2.3584 0.865011 0
2.39941 0.864896 0
2.44043 0.86478 0
2.48145 0.864665 0
2.52246 0.864549 0
2.56348 0.864434 0
2.60449 0.864319 0
2.64551 0.864204 0
2.68652 0.864089 0
2.72754 0.863973 0
2.76855 0.863858 0
2.80957 0.863744 0
2.85059 0.863629 0
2.8916 0.863514 0
2.93262 0.863399 0
2.97363 0.863285 0
3.01465 0.86317 0
3.05566 0.863055 0
3.09668 0.862941 0
3.1377 0.862827 0
3.17871 0.862712 0
3.21973 0.862598 0
3.26074 0.862484 0
3.30176 0.862369 0
3.34277 0.862255 0
3.38379 0.862141 0
3.4248 0.862027 0
3.46582 0.861913 0
3.50684 0.861799 0
3.54785 0.861686 0
3.58887 0.861572 0
3.62988 0.861458 0
3.6709 0.861344 0
3.71191 0.861231 0
3.75293 0.861117 0
3.79395 0.861004 0
3.83496 0.86089 0
3.87598 0.860777 0
3.91699 0.860664 0
3.95801 0.86055 0
3.99902 0.860437 0
4.04004 0.860324 0
4.08105 0.860211 0
4.12207 0.860097 0
4.16309 0.859984 0
4.2041 0.859871 0
4.24512 0.859758 0
4.28613 0.859645 0
4.32715 0.859533 0
4.36816 0.85942 0
4.40918 0.859307 0
4.4502 0.859194 0
4.49121 0.859081 0
4.53223 0.858969 0
4.57324 0.858856 0
4.61426 0.858743 0
4.65527 0.858631 0
4.69629 0.858518 0
4.7373 0.858406 0
4.77832 0.858293 0
4.81934 0.858181 0
4.86035 0.858068 0
4.90137 0.857956 0
4.94238 0.857844 0
4.9834 0.857731 0
5.02441 0.857619 0
5.06543 0.857507 0
5.10645 0.857395 0
5.14746 0.857282 0
5.18848 0.85717 0
5.22949 0.857058 0
5.27051 0.856946 0
5.31152 0.856834 0
5.35254 0.856722 0
5.39355 0.85661 0
5.43457 0.856498 0
5.47559 0.856386 0
5.5166 0.856274 0
5.55762 0.856162 0
5.59863 0.85605 0
5.63965 0.855939 0
5.68066 0.855827 0
5.72168 0.855715 0
5.7627 0.855603 0
5.80371 0.855491 0
5.84473 0.85538 0
5.88574 0.855268 0
5.92676 0.855156 0
5.96777 0.855044 0
6.00879 0.854933 0
6.0498 0.854821 0
6.09082 0.854709 0
6.13184 0.854598 0
6.17285 0.854486 0
6.21387 0.854375 0
6.25488 0.854263 0
6.2959 0.854152 0
6.33691 0.85404 0
6.37793 0.853928 0
6.41895 0.853817 0
6.45996 0.853705 0
6.50098 0.853594 0
6.54199 0.853482 0
6.58301 0.853371 0
6.62402 0.853259 0
6.66504 0.853148 0
6.70605 0.853036 0
6.74707 0.852925 0
6.78809 0.852814 0
6.8291 0.852702 0
6.87012 0.852591 0
6.91113 0.852479 0
6.95215 0.852369 0
6.99316 0.852257 0
7.03418 0.852158 0
7.0752 0.852043 0
7.11621 0.852018 0
7.15723 0.851035 0.00445857
7.19824 0.849715 0.0100604
7.23926 0.848445 0.0155809
7.28027 0.847159 0.0210199
7.32129 0.845854 0.0263775
7.3623 0.844526 0.0316537
7.40332 0.843175 0.0368485
7.44434 0.841801 0.0419619
7.48535 0.840403 0.0469939
7.52637 0.838981 0.0519444
7.56738 0.837535 0.0568136
7.6084 0.836064 0.0616013
7.64941 0.834568 0.0663076
7.69043 0.833046 0.0709326
7.73145 0.8315 0.0754761
7.77246 0.829927 0.0799382
7.81348 0.828329 0.0843189
7.85449 0.826704 0.0886181
7.89551 0.825052 0.092836
7.93652 0.823373 0.0969724
7.97754 0.821667 0.101027
8.01855 0.819933 0.105001
8.05957 0.818171 0.108893
8.10059 0.816381 0.112704
8.1416 0.814563 0.116434
8.18262 0.812715 0.120082
8.22363 0.810838 0.123648
8.26465 0.808931 0.127133
8.30566 0.806994 0.130537
8.34668 0.805027 0.133859
8.3877 0.80303 0.1371
8.42871 0.801001 0.14026
8.46973 0.798941 0.143338
8.51074 0.79685 0.146335
8.55176 0.794726 0.14925
8.59277 0.79257 0.152084
8.63379 0.790381 0.154836
8.6748 0.788159 0.157507
8.71582 0.785904 0.160097
8.75684 0.783615 0.162605
8.79785 0.781292 0.165032
8.83887 0.778934 0.167377
8.87988 0.776542 0.169641
8.9209 0.774114 0.171824
8.96191 0.771651 0.173925
9.00293 0.769152 0.175945
9.04395 0.766617 0.177883
9.08496 0.764045 0.17974
9.12598 0.761437 0.181516
9.16699 0.758791 0.18321
9.20801 0.756107 0.184823
9.24902 0.753385 0.186354
9.29004 0.750625 0.187804
9.33105 0.747826 0.189172
9.37207 0.744989 0.190459
9.41309 0.742111 0.191665
9.4541 0.739194 0.192789
9.49512 0.736237 0.193832
9.53613 0.733239 0.194794
9.57715 0.730201 0.195674
9.61816 0.727121 0.196472
9.65918 0.724 0.197189
9.7002 0.720837 0.197825
9.74121 0.717631 0.19838
9.78223 0.714383 0.198852
9.82324 0.711092 0.199244
9.86426 0.707758 0.199554
9.90527 0.70438 0.199783
9.94629 0.700958 0.19993
9.9873 0.697491 0.199996
10.0283 0.69398 0.199981
10.0693 0.690424 0.199884
10.1104 0.686823 0.199705
10.1514 0.683176 0.199446
10.1924 0.679483 0.199104
10.2334 0.675743 0.198682
10.2744 0.671957 0.198178
10.3154 0.668124 0.197593
10.3564 0.664243 0.196926
10.3975 0.660315 0.196178
10.4385 0.656338 0.195348
10.4795 0.652313 0.194437
10.5205 0.64824 0.193444
10.5615 0.644117 0.192371
10.6025 0.639945 0.191215
10.6436 0.635724 0.189979
10.6846 0.631452 0.188661
10.7256 0.62713 0.187261
10.7666 0.622758 0.18578
10.8076 0.618334 0.184218
10.8486 0.613859 0.182574
10.8896 0.609333 0.180849
10.9307 0.604755 0.179042
10.9717 0.600125 0.177155
11.0127 0.595442 0.175185
11.0537 0.590706 0.173134
11.0947 0.585917 0.171002
11.1357 0.581075 0.168789
11.1768 0.576179 0.166494
11.2178 0.57123 0.164117
11.2588 0.566226 0.161659
11.2998 0.561167 0.15912
11.3408 0.556054 0.156499
11.3818 0.550885 0.153797
11.4229 0.545661 0.151014
11.4639 0.540382 0.148149
11.5049 0.535046 0.145203
11.5459 0.529654 0.142175
11.5869 0.524206 0.139066
11.6279 0.518701 0.135875
11.6689 0.513139 0.132603
11.71 0.507519 0.12925
11.751 0.501842 0.125815
11.792 0.496107 0.122299
11.833 0.490314 0.118701
11.874 0.484463 0.115022
11.915 0.478553 0.111262
11.9561 0.472584 0.10742
11.9971 0.466556 0.103497
12.0381 0.460468 0.0994923
12.0791 0.454321 0.0954063
12.1201 0.448114 0.0912388
12.1611 0.441848 0.0869899
12.2021 0.43552 0.0826596
12.2432 0.429132 0.0782479
12.2842 0.422683 0.0737548
12.3252 0.416175 0.0691803
12.3662 0.409599 0.0645244
12.4072 0.402988 0.059787
12.4482 0.396203 0.0549683
12.4893 0.389834 0.0500681
12.5303 0.382589 0.0450865
12.5713 0.376581 0.0400235
12.6123 0.370506 0.0348791
12.6533 0.360547 0.0296533
12.6943 0.355334 0.0243461
12.7354 0.448199 0.0189575
12.7764 0.595458 0.0134874
12.8174 0.610498 0.00793598
12.8584 0.614519 0.00230311
12.8994 0.617584 0
12.9404 0.619207 0
12.9814 0.620697 0
13.0225 0.622101 0
13.0635 0.62339 0
13.1045 0.62458 0
13.1455 0.625677 0
13.1865 0.626695 0
13.2275 0.627645 0
13.2686 0.628532 0
13.3096 0.629363 0
13.3506 0.630146 0
13.3916 0.630883 0
13.4326 0.63158 0
13.4736 0.632242 0
13.5146 0.632871 0
13.5557 0.63347 0
13.5967 0.634041 0
13.6377 0.634586 0
13.6787 0.635107 0
13.7197 0.635605 0
13.7607 0.63608 0
13.8018 0.636535 0
13.8428 0.636968 0
13.8838 0.637381 0
13.9248 0.637773 0
13.9658 0.638146 0
14.0068 0.638498 0
14.0479 0.638832 0
14.0889 0.639146 0
14.1299 0.639441 0
14.1709 0.639718 0
14.2119 0.639977 0
14.2529 0.640219 0
14.2939 0.640444 0
14.335 0.640653 0
14.376 0.640848 0
14.417 0.641028 0
14.458 0.641194 0
14.499 0.641347 0
14.54 0.641488 0
14.5811 0.641617 0
14.6221 0.641735 0
14.6631 0.641841 0
14.7041 0.641938 0
14.7451 0.642023 0
14.7861 0.642099 0
14.8271 0.642166 0
14.8682 0.642222 0
14.9092 0.64227 0
14.9502 0.642308 0
14.9912 0.642338 0
15.0322 0.642359 0
15.0732 0.642372 0
15.1143 0.642378 0
15.1553 0.642375 0
15.1963 0.642364 0
15.2373 0.642347 0
15.2783 0.642322 0
15.3193 0.64229 0
15.3604 0.642251 0
15.4014 0.642206 0
15.4424 0.642154 0
15.4834 0.642096 0
15.5244 0.642032 0
15.5654 0.641962 0
15.6064 0.641886 0
15.6475 0.641805 0
15.6885 0.641718 0
15.7295 0.641626 0
15.7705 0.641528 0
15.8115 0.641425 0
15.8525 0.641317 0
15.8936 0.641204 0
15.9346 0.641085 0
15.9756 0.640962 0
16.0166 0.640833 0
16.0576 0.640699 0
16.0986 0.64056 0
16.1396 0.640416 0
16.1807 0.640268 0
16.2217 0.640114 0
16.2627 0.639956 0
16.3037 0.639793 0
16.3447 0.639626 0
16.3857 0.639455 0
16.4268 0.63928 0
16.4678 0.639101 0
16.5088 0.638918 0
16.5498 0.638731 0
16.5908 0.638541 0
16.6318 0.638348 0
16.6729 0.638151 0
16.7139 0.63795 0
16.7549 0.637746 0
16.7959 0.637538 0
16.8369 0.637327 0
16.8779 0.637112 0
16.9189 0.636893 0
16.96 0.63667 0
17.001 0.636444 0
17.042 0.636213 0
17.083 0.635978 0
17.124 0.63574 0
17.165 0.635497 0
17.2061 0.635251 0
17.2471 0.635001 0
17.2881 0.634746 0
17.3291 0.634488 0
17.3701 0.634226 0
17.4111 0.63396 0
17.4521 0.63369 0
17.4932 0.633416 0
17.5342 0.633138 0
17.5752 0.632857 0
17.6162 0.632572 0
17.6572 0.632285 0
17.6982 0.631996 0
17.7393 0.631705 0
17.7803 0.631411 0
17.8213 0.631116 0
17.8623 0.630817 0
17.9033 0.630513 0
17.9443 0.630204 0
17.9854 0.629888 0
18.0264 0.629566 0
18.0674 0.629239 0
18.1084 0.628908 0
18.1494 0.628575 0
18.1904 0.62824 0
18.2314 0.627904 0
18.2725 0.627568 0
18.3135 0.627229 0
18.3545 0.626885 0
18.3955 0.626535 0
18.4365 0.626177 0
18.4775 0.62581 0
18.5186 0.625435 0
18.5596 0.625051 0
18.6006 0.624661 0
18.6416 0.624266 0
18.6826 0.623866 0
18.7236 0.623463 0
18.7646 0.623057 0
18.8057 0.622651 0
18.8467 0.622245 0
18.8877 0.621841 0
18.9287 0.621441 0
18.9697 0.621045 0
19.0107 0.620656 0
19.0518 0.620274 0
19.0928 0.619899 0
19.1338 0.61953 0
19.1748 0.619165 0
19.2158 0.618802 0
19.2568 0.61844 0
19.2979 0.618076 0
19.3389 0.61771 0
19.3799 0.617341 0
19.4209 0.616969 0
19.4619 0.616593 0
19.5029 0.616213 0
19.5439 0.615829 0
19.585 0.615441 0
19.626 0.615048 0
19.667 0.614651 0
19.708 0.61425 0
19.749 0.613844 0
19.79 0.613435 0
19.8311 0.613021 0
19.8721 0.612604 0
19.9131 0.612183 0
19.9541 0.611758 0
19.9951 0.611329 0
20.0361 0.610896 0
20.0771 0.61046 0
20.1182 0.610021 0
20.1592 0.609578 0
20.2002 0.609132 0
20.2412 0.608682 0
20.2822 0.608229 0
20.3232 0.607773 0
20.3643 0.607313 0
20.4053 0.60685 0
20.4463 0.606384 0
20.4873 0.605915 0
20.5283 0.605442 0
20.5693 0.604965 0
20.6104 0.604485 0
20.6514 0.604003 0
20.6924 0.603517 0
20.7334 0.603028 0
20.7744 0.602538 0
20.8154 0.602045 0
20.8564 0.60155 0
20.8975 0.601062 0
20.9385 0.600567 0
20.9795 0.600231 0
