0.0205078 0.862552 0
0.0615234 0.862442 0
0.102539 0.862365 0
0.143555 0.862273 0
0.18457 0.862183 0
0.225586 0.862092 0
0.266602 0.862001 0
0.307617 0.86191 0
0.348633 0.861819 0
0.389648 0.861728 0
0.430664 0.861637 0
0.47168 0.861546 0
0.512695 0.861454 0
0.553711 0.861363 0
0.594727 0.861271 0
0.635742 0.86118 0
0.676758 0.861088 0
0.717773 0.860996 0
0.758789 0.860904 0
0.799805 0.860812 0
0.84082 0.86072 0
0.881836 0.860628 0
0.922852 0.860536 0
0.963867 0.860444 0
1.00488 0.860352 0
1.0459 0.86026 0
1.08691 0.860167 0
1.12793 0.860075 0
1.16895 0.859983 0
1.20996 0.85989 0
1.25098 0.859797 0
1.29199 0.859705 0
1.33301 0.859612 0
1.37402 0.859519 0
1.41504 0.859427 0
1.45605 0.859334 0
1.49707 0.859241 0
1.53809 0.859148 0
1.5791 0.859055 0
1.62012 0.858962 0
1.66113 0.858869 0
1.70215 0.858775 0
1.74316 0.858682 0
1.78418 0.858589 0
1.8252 0.858496 0
1.86621 0.858402 0
1.90723 0.858309 0
1.94824 0.858215 0
1.98926 0.858122 0
2.03027 0.858028 0
2.07129 0.857935 0
2.1123 0.857841 0
2.15332 0.857748 0
2.19434 0.857654 0
2.23535 0.85756 0
2.27637 0.857466 0
2.31738 0.857372 0
2.3584 0.857278 0
2.39941 0.857185 0
2.44043 0.857091 0
2.48145 0.856997 0
2.52246 0.856903 0
2.56348 0.856808 0
2.60449 0.856714 0
2.64551 0.85662 0
2.68652 0.856526 0
2.72754 0.856432 0
2.76855 0.856337 0
2.80957 0.856243 0
2.85059 0.856149 0
2.8916 0.856054 0
2.93262 0.85596 0
2.97363 0.855866 0
3.01465 0.855771 0
3.05566 0.855677 0
3.09668 0.855582 0
3.1377 0.855487 0
3.17871 0.855393 0
3.21973 0.855298 0
3.26074 0.855204 0
3.30176 0.855109 0
3.34277 0.855014 0
3.38379 0.854919 0
3.4248 0.854825 0
3.46582 0.85473 0
3.50684 0.854635 0
3.54785 0.85454 0
3.58887 0.854445 0
3.62988 0.85435 0
3.6709 0.854255 0
3.71191 0.85416 0
3.75293 0.854065 0
3.79395 0.85397 0
3.83496 0.853875 0
3.87598 0.85378 0
3.91699 0.853685 0
3.95801 0.85359 0
3.99902 0.853495 0
4.04004 0.853399 0
4.08105 0.853304 0
4.12207 0.853209 0
4.16309 0.853114 0
4.2041 0.853018 0
4.24512 0.852923 0
4.28613 0.852828 0
4.32715 0.852732 0
4.36816 0.852637 0
4.40918 0.852541 0
4.4502 0.852446 0
4.49121 0.852351 0
4.53223 0.852255 0
4.57324 0.85216 0
4.61426 0.852064 0
4.65527 0.851969 0
4.69629 0.851873 0
4.7373 0.851777 0
4.77832 0.851682 0
4.81934 0.851586 0
4.86035 0.85149 0
4.90137 0.851395 0
4.94238 0.851299 0
4.9834 0.851203 0
5.02441 0.851108 0
5.06543 0.851012 0
5.10645 0.850916 0
5.14746 0.85082 0
5.18848 0.850725 0
5.22949 0.850629 0
5.27051 0.850533 0
5.31152 0.850437 0
5.35254 0.850341 0
5.39355 0.850245 0
5.43457 0.850149 0
5.47559 0.850053 0
5.5166 0.849957 0
5.55762 0.849861 0
5.59863 0.849765 0
5.63965 0.849669 0
5.68066 0.849573 0
5.72168 0.849477 0
5.7627 0.849381 0
5.80371 0.849285 0
5.84473 0.849189 0
5.88574 0.849093 0
5.92676 0.848997 0
5.96777 0.848901 0
6.00879 0.848805 0
6.0498 0.848708 0
6.09082 0.848612 0
6.13184 0.848516 0
6.17285 0.84842 0
6.21387 0.848324 0
6.25488 0.848227 0
6.2959 0.848131 0
6.33691 0.848035 0
6.37793 0.847938 0
6.41895 0.847842 0
6.45996 0.847746 0
6.50098 0.847649 0
6.54199 0.847553 0
6.58301 0.847457 0
6.62402 0.84736 0
6.66504 0.847264 0
6.70605 0.847168 0
6.74707 0.847071 0
6.78809 0.846975 0
6.8291 0.846878 0
6.87012 0.846782 0
6.91113 0.846685 0
6.95215 0.846589 0
6.99316 0.846492 0
7.03418 0.846408 0
7.0752 0.846293 0
7.11621 0.846299 0
7.15723 0.845297 0.00445857
7.19824 0.843956 0.0100604
7.23926 0.842663 0.0155809
7.28027 0.841356 0.0210199
7.32129 0.84003 0.0263775
7.3623 0.838682 0.0316537
7.40332 0.837311 0.0368485
7.44434 0.835918 0.0419619
7.48535 0.834501 0.0469939
7.52637 0.833061 0.0519444
7.56738 0.831596 0.0568136
7.6084 0.830108 0.0616013
7.64941 0.828595 0.0663076
7.69043 0.827057 0.0709326
7.73145 0.825494 0.0754761
7.77246 0.823905 0.0799382
7.81348 0.822291 0.0843189
7.85449 0.82065 0.0886181
7.89551 0.818983 0.092836
7.93652 0.817289 0.0969724
7.97754 0.815568 0.101027
8.01855 0.81382 0.105001
8.05957 0.812044 0.108893
8.10059 0.810239 0.112704
8.1416 0.808406 0.116434
8.18262 0.806544 0.120082
8.22363 0.804653 0.123648
8.26465 0.802733 0.127133
8.30566 0.800782 0.130537
8.34668 0.798802 0.133859
8.3877 0.796791 0.1371
8.42871 0.794749 0.14026
8.46973 0.792675 0.143338
8.51074 0.790571 0.146335
8.55176 0.788434 0.14925
8.59277 0.786265 0.152084
8.63379 0.784063 0.154836
8.6748 0.781828 0.157507
8.71582 0.77956 0.160097
8.75684 0.777258 0.162605
8.79785 0.774922 0.165032
8.83887 0.772551 0.167377
8.87988 0.770146 0.169641
8.9209 0.767706 0.171824
8.96191 0.76523 0.173925
9.00293 0.762718 0.175945
9.04395 0.76017 0.177883
9.08496 0.757586 0.17974
9.12598 0.754964 0.181516
9.16699 0.752305 0.18321
9.20801 0.749609 0.184823
9.24902 0.746875 0.186354
9.29004 0.744102 0.187804
9.33105 0.74129 0.189172
9.37207 0.738439 0.190459
9.41309 0.735549 0.191665
9.4541 0.732619 0.192789
9.49512 0.729649 0.193832
9.53613 0.726638 0.194794
9.57715 0.723586 0.195674
9.61816 0.720494 0.196472
9.65918 0.717359 0.197189
9.7002 0.714183 0.197825
9.74121 0.710965 0.19838
9.78223 0.707704 0.198852
9.82324 0.7044 0.199244
9.86426 0.701052 0.199554
9.90527 0.697661 0.199783
9.94629 0.694226 0.19993
9.9873 0.690747 0.199996
10.0283 0.687223 0.199981
10.0693 0.683654 0.199884
10.1104 0.68004 0.199705
10.1514 0.676379 0.199446
10.1924 0.672673 0.199104
10.2334 0.668921 0.198682
10.2744 0.665121 0.198178
10.3154 0.661275 0.197593
10.3564 0.657381 0.196926
10.3975 0.65344 0.196178
10.4385 0.64945 0.195348
10.4795 0.645412 0.194437
10.5205 0.641325 0.193444
10.5615 0.63719 0.192371
10.6025 0.633005 0.191215
10.6436 0.62877 0.189979
10.6846 0.624485 0.188661
10.7256 0.62015 0.187261
10.7666 0.615764 0.18578
10.8076 0.611328 0.184218
10.8486 0.60684 0.182574
10.8896 0.6023 0.180849
10.9307 0.597709 0.179042
10.9717 0.593066 0.177155
11.0127 0.58837 0.175185
11.0537 0.583621 0.173134
11.0947 0.578819 0.171002
11.1357 0.573964 0.168789
11.1768 0.569055 0.166494
11.2178 0.564092 0.164117
11.2588 0.559074 0.161659
11.2998 0.554003 0.15912
11.3408 0.548876 0.156499
11.3818 0.543694 0.153797
11.4229 0.538457 0.151014
11.4639 0.533165 0.148149
11.5049 0.527816 0.145203
11.5459 0.522411 0.142175
11.5869 0.516949 0.139066
11.6279 0.511431 0.135875
11.6689 0.505856 0.132603
11.71 0.500223 0.12925
11.751 0.494533 0.125815
11.792 0.488785 0.122299
11.833 0.482979 0.118701
11.874 0.477114 0.115022
11.915 0.471191 0.111262
11.9561 0.465209 0.10742
11.9971 0.459168 0.103497
12.0381 0.453068 0.0994923
12.0791 0.446908 0.0954063
12.1201 0.440688 0.0912388
12.1611 0.434408 0.0869899
12.2021 0.428068 0.0826596
12.2432 0.421667 0.0782479
12.2842 0.415205 0.0737548
12.3252 0.408682 0.0691803
12.3662 0.402098 0.0645244
12.4072 0.395453 0.059787
12.4482 0.388747 0.0549683
12.4893 0.381973 0.0500681
12.5303 0.37516 0.0450865
12.5713 0.368189 0.0400235
12.6123 0.361563 0.0348791
12.6533 0.354162 0.0296533
12.6943 0.347917 0.0243461
12.7354 0.341724 0.0189575
12.7764 0.331593 0.0134874
12.8174 0.326004 0.00793598
12.8584 0.450639 0.00230311
12.8994 0.629254 0
12.9404 0.643081 0
12.9814 0.642925 0
13.0225 0.64286 0
13.0635 0.642794 0
13.1045 0.642729 0
13.1455 0.642661 0
13.1865 0.64259 0
13.2275 0.642517 0
13.2686 0.642442 0
13.3096 0.642365 0
13.3506 0.642285 0
13.3916 0.642203 0
13.4326 0.642119 0
13.4736 0.642032 0
13.5146 0.641944 0
13.5557 0.641853 0
13.5967 0.64176 0
13.6377 0.641665 0
13.6787 0.641568 0
13.7197 0.64147 0
13.7607 0.641369 0
13.8018 0.641267 0
13.8428 0.641163 0
13.8838 0.641058 0
13.9248 0.640951 0
13.9658 0.640842 0
14.0068 0.640732 0
14.0479 0.640621 0
14.0889 0.640508 0
14.1299 0.640393 0
14.1709 0.640277 0
14.2119 0.64016 0
14.2529 0.64004 0
14.2939 0.63992 0
14.335 0.639797 0
14.376 0.639673 0
14.417 0.639547 0
14.458 0.639419 0
14.499 0.63929 0
14.54 0.639159 0
14.5811 0.639026 0
14.6221 0.638892 0
14.6631 0.638755 0
14.7041 0.638617 0
14.7451 0.638477 0
14.7861 0.638336 0
14.8271 0.638192 0
14.8682 0.638047 0
14.9092 0.637899 0
14.9502 0.63775 0
14.9912 0.6376 0
15.0322 0.637447 0
15.0732 0.637293 0
15.1143 0.637137 0
15.1553 0.63698 0
15.1963 0.636822 0
15.2373 0.636662 0
15.2783 0.636501 0
15.3193 0.636339 0
15.3604 0.636175 0
15.4014 0.636011 0
15.4424 0.635846 0
15.4834 0.635679 0
15.5244 0.635511 0
15.5654 0.635343 0
15.6064 0.635173 0
15.6475 0.635002 0
15.6885 0.63483 0
15.7295 0.634656 0
15.7705 0.634482 0
15.8115 0.634306 0
15.8525 0.634129 0
15.8936 0.63395 0
15.9346 0.633769 0
15.9756 0.633587 0
16.0166 0.633402 0
16.0576 0.633216 0
16.0986 0.633028 0
16.1396 0.632839 0
16.1807 0.632648 0
16.2217 0.632457 0
16.2627 0.632266 0
16.3037 0.632075 0
16.3447 0.631883 0
16.3857 0.63169 0
16.4268 0.631496 0
16.4678 0.6313 0
16.5088 0.631101 0
16.5498 0.630899 0
16.5908 0.630693 0
16.6318 0.630484 0
16.6729 0.630272 0
16.7139 0.630056 0
16.7549 0.629837 0
16.7959 0.629614 0
16.8369 0.629389 0
16.8779 0.62916 0
16.9189 0.628928 0
16.96 0.628692 0
17.001 0.628453 0
17.042 0.628211 0
17.083 0.627966 0
17.124 0.627719 0
17.165 0.627469 0
17.2061 0.627218 0
17.2471 0.626964 0
17.2881 0.62671 0
17.3291 0.626453 0
17.3701 0.626193 0
17.4111 0.625931 0
17.4521 0.625665 0
17.4932 0.625395 0
17.5342 0.625122 0
17.5752 0.624847 0
17.6162 0.624569 0
17.6572 0.624292 0
17.6982 0.624015 0
17.7393 0.62374 0
17.7803 0.623467 0
17.8213 0.623197 0
17.8623 0.622929 0
17.9033 0.622663 0
17.9443 0.622397 0
17.9854 0.622131 0
18.0264 0.621864 0
18.0674 0.621596 0
18.1084 0.621327 0
18.1494 0.621056 0
18.1904 0.620782 0
18.2314 0.620507 0
18.2725 0.620229 0
18.3135 0.619949 0
18.3545 0.619667 0
18.3955 0.619385 0
18.4365 0.619102 0
18.4775 0.618819 0
18.5186 0.618535 0
18.5596 0.618251 0
18.6006 0.617966 0
18.6416 0.617678 0
18.6826 0.617388 0
18.7236 0.617094 0
18.7646 0.616798 0
18.8057 0.6165 0
18.8467 0.616201 0
18.8877 0.615901 0
18.9287 0.6156 0
18.9697 0.615299 0
19.0107 0.614995 0
19.0518 0.614688 0
19.0928 0.614378 0
19.1338 0.614065 0
19.1748 0.613749 0
19.2158 0.61343 0
19.2568 0.613108 0
19.2979 0.612786 0
19.3389 0.612463 0
19.3799 0.612139 0
19.4209 0.611815 0
19.4619 0.61149 0
19.5029 0.611166 0
19.5439 0.610841 0
19.585 0.610516 0
19.626 0.610191 0
19.667 0.609866 0
19.708 0.609541 0
19.749 0.609217 0
19.79 0.608893 0
19.8311 0.608571 0
19.8721 0.60825 0
19.9131 0.607932 0
19.9541 0.607616 0
19.9951 0.607303 0
20.0361 0.606993 0
20.0771 0.606687 0
20.1182 0.606385 0
20.1592 0.606086 0
20.2002 0.605786 0
20.2412 0.605489 0
20.2822 0.605193 0
20.3232 0.604899 0
20.3643 0.604605 0
20.4053 0.604311 0
20.4463 0.604015 0
20.4873 0.603716 0
20.5283 0.603416 0
20.5693 0.603114 0
20.6104 0.602811 0
20.6514 0.602506 0
20.6924 0.602199 0
20.7334 0.601892 0
20.7744 0.601584 0
20.8154 0.601276 0
20.8564 0.600966 0
20.8975 0.600665 0
20.9385 0.60036 0
20.9795 0.600176 0
