0.0205078 0.867466 0
0.0615234 0.867319 0
0.102539 0.867226 0
0.143555 0.867115 0
0.18457 0.867007 0
0.225586 0.866899 0
0.266602 0.86679 0
0.307617 0.86668 0
0.348633 0.866571 0
0.389648 0.866461 0
0.430664 0.866352 0
0.47168 0.866242 0
0.512695 0.866131 0
0.553711 0.866021 0
0.594727 0.865911 0
0.635742 0.8658 0
0.676758 0.86569 0
0.717773 0.865579 0
0.758789 0.865468 0
0.799805 0.865357 0
0.84082 0.865246 0
0.881836 0.865135 0
0.922852 0.865024 0
0.963867 0.864913 0
1.00488 0.864802 0
1.0459 0.864691 0
1.08691 0.864579 0
1.12793 0.864468 0
1.16895 0.864357 0
1.20996 0.864245 0
1.25098 0.864134 0
1.29199 0.864022 0
1.33301 0.863911 0
1.37402 0.8638 0
1.41504 0.863688 0
1.45605 0.863577 0
1.49707 0.863465 0
1.53809 0.863354 0
1.5791 0.863242 0
1.62012 0.863131 0
1.66113 0.86302 0
1.70215 0.862908 0
1.74316 0.862797 0
1.78418 0.862685 0
1.8252 0.862574 0
1.86621 0.862463 0
1.90723 0.862351 0
1.94824 0.86224 0
1.98926 0.862129 0
2.03027 0.862018 0
2.07129 0.861907 0
2.1123 0.861795 0
2.15332 0.861684 0
2.19434 0.861573 0
2.23535 0.861462 0
2.27637 0.861351 0
2.31738 0.86124 0
2.3584 0.861129 0
2.39941 0.861019 0
2.44043 0.860908 0
2.48145 0.860797 0
2.52246 0.860686 0
2.56348 0.860576 0
2.60449 0.860465 0
2.64551 0.860354 0
2.68652 0.860244 0
2.72754 0.860133 0
2.76855 0.860023 0
2.80957 0.859913 0
2.85059 0.859802 0
2.8916 0.859692 0
2.93262 0.859582 0
2.97363 0.859472 0
3.01465 0.859362 0
3.05566 0.859252 0
3.09668 0.859142 0
3.1377 0.859032 0
3.17871 0.858922 0
3.21973 0.858812 0
3.26074 0.858702 0
3.30176 0.858592 0
3.34277 0.858483 0
3.38379 0.858373 0
3.4248 0.858263 0
3.46582 0.858154 0
3.50684 0.858045 0
3.54785 0.857935 0
3.58887 0.857826 0
3.62988 0.857717 0
3.6709 0.857607 0
3.71191 0.857498 0
3.75293 0.857389 0
3.79395 0.85728 0
3.83496 0.857171 0
3.87598 0.857062 0
3.91699 0.856953 0
3.95801 0.856844 0
3.99902 0.856736 0
4.04004 0.856627 0
4.08105 0.856518 0
4.12207 0.85641 0
4.16309 0.856301 0
4.2041 0.856193 0
4.24512 0.856084 0
4.28613 0.855976 0
4.32715 0.855867 0
4.36816 0.855759 0
4.40918 0.855651 0
4.4502 0.855543 0
4.49121 0.855435 0
4.53223 0.855327 0
4.57324 0.855219 0
4.61426 0.855111 0
4.65527 0.855003 0
4.69629 0.854895 0
4.7373 0.854787 0
4.77832 0.854679 0
4.81934 0.854572 0
4.86035 0.854464 0
4.90137 0.854357 0
4.94238 0.854249 0
4.9834 0.854142 0
5.02441 0.854034 0
5.06543 0.853927 0
5.10645 0.853819 0
5.14746 0.853712 0
5.18848 0.853605 0
5.22949 0.853498 0
5.27051 0.853391 0
5.31152 0.853284 0
5.35254 0.853177 0
5.39355 0.85307 0
5.43457 0.852963 0
5.47559 0.852856 0
5.5166 0.852749 0
5.55762 0.852642 0
5.59863 0.852536 0
5.63965 0.852429 0
5.68066 0.852322 0
5.72168 0.852216 0
5.7627 0.852109 0
5.80371 0.852003 0
5.84473 0.851896 0
5.88574 0.85179 0
5.92676 0.851684 0
5.96777 0.851577 0
6.00879 0.851471 0
6.0498 0.851365 0
6.09082 0.851259 0
6.13184 0.851153 0
6.17285 0.851047 0
6.21387 0.850941 0
6.25488 0.850835 0
6.2959 0.850729 0
6.33691 0.850623 0
6.37793 0.850517 0
6.41895 0.850411 0
6.45996 0.850305 0
6.50098 0.8502 0
6.54199 0.850094 0
6.58301 0.849988 0
6.62402 0.849883 0
6.66504 0.849777 0
6.70605 0.849672 0
6.74707 0.849566 0
6.78809 0.849461 0
6.8291 0.849355 0
6.87012 0.84925 0
6.91113 0.849145 0
6.95215 0.84904 0
6.99316 0.848933 0
7.03418 0.848844 0
7.0752 0.848719 0
7.11621 0.848719 0
7.15723 0.847744 0.00445857
7.19824 0.846437 0.0100604
7.23926 0.845179 0.0155809
7.28027 0.843906 0.0210199
7.32129 0.842613 0.0263775
7.3623 0.841297 0.0316537
7.40332 0.839958 0.0368485
7.44434 0.838594 0.0419619
7.48535 0.837207 0.0469939
7.52637 0.835795 0.0519444
7.56738 0.834358 0.0568136
7.6084 0.832897 0.0616013
7.64941 0.83141 0.0663076
7.69043 0.829897 0.0709326
7.73145 0.828358 0.0754761
7.77246 0.826794 0.0799382
7.81348 0.825203 0.0843189
7.85449 0.823585 0.0886181
7.89551 0.82194 0.092836
7.93652 0.820268 0.0969724
7.97754 0.818568 0.101027
8.01855 0.81684 0.105001
8.05957 0.815084 0.108893
8.10059 0.8133 0.112704
8.1416 0.811486 0.116434
8.18262 0.809643 0.120082
8.22363 0.807771 0.123648
8.26465 0.805869 0.127133
8.30566 0.803936 0.130537
8.34668 0.801973 0.133859
8.3877 0.799979 0.1371
8.42871 0.797954 0.14026
8.46973 0.795897 0.143338
8.51074 0.793808 0.146335
8.55176 0.791688 0.14925
8.59277 0.789534 0.152084
8.63379 0.787348 0.154836
8.6748 0.785128 0.157507
8.71582 0.782875 0.160097
8.75684 0.780587 0.162605
8.79785 0.778266 0.165032
8.83887 0.775909 0.167377
8.87988 0.773518 0.169641
8.9209 0.771091 0.171824
8.96191 0.768629 0.173925
9.00293 0.76613 0.175945
9.04395 0.763595 0.177883
9.08496 0.761023 0.17974
9.12598 0.758414 0.181516
9.16699 0.755768 0.18321
9.20801 0.753083 0.184823
9.24902 0.750361 0.186354
9.29004 0.7476 0.187804
9.33105 0.744801 0.189172
9.37207 0.741962 0.190459
9.41309 0.739083 0.191665
9.4541 0.736165 0.192789
9.49512 0.733206 0.193832
9.53613 0.730207 0.194794
9.57715 0.727167 0.195674
9.61816 0.724085 0.196472
9.65918 0.720962 0.197189
9.7002 0.717797 0.197825
9.74121 0.71459 0.19838
9.78223 0.711339 0.198852
9.82324 0.708046 0.199244
9.86426 0.704709 0.199554
9.90527 0.701329 0.199783
9.94629 0.697904 0.19993
9.9873 0.694435 0.199996
10.0283 0.690921 0.199981
10.0693 0.687362 0.199884
10.1104 0.683758 0.199705
10.1514 0.680107 0.199446
10.1924 0.676411 0.199104
10.2334 0.672668 0.198682
10.2744 0.668878 0.198178
10.3154 0.665041 0.197593
10.3564 0.661156 0.196926
10.3975 0.657224 0.196178
10.4385 0.653244 0.195348
10.4795 0.649215 0.194437
10.5205 0.645137 0.193444
10.5615 0.64101 0.192371
10.6025 0.636833 0.191215
10.6436 0.632607 0.189979
10.6846 0.628331 0.188661
10.7256 0.624004 0.187261
10.7666 0.619626 0.18578
10.8076 0.615198 0.184218
10.8486 0.610718 0.182574
10.8896 0.606186 0.180849
10.9307 0.601602 0.179042
10.9717 0.596966 0.177155
11.0127 0.592278 0.175185
11.0537 0.587536 0.173134
11.0947 0.582742 0.171002
11.1357 0.577894 0.168789
11.1768 0.572992 0.166494
11.2178 0.568036 0.164117
11.2588 0.563025 0.161659
11.2998 0.55796 0.15912
11.3408 0.55284 0.156499
11.3818 0.547665 0.153797
11.4229 0.542434 0.151014
11.4639 0.537147 0.148149
11.5049 0.531804 0.145203
11.5459 0.526405 0.142175
11.5869 0.52095 0.139066
11.6279 0.515437 0.135875
11.6689 0.509867 0.132603
11.71 0.50424 0.12925
11.751 0.498555 0.125815
11.792 0.492812 0.122299
11.833 0.487011 0.118701
11.874 0.481151 0.115022
11.915 0.475233 0.111262
11.9561 0.469255 0.10742
11.9971 0.463219 0.103497
12.0381 0.457123 0.0994923
12.0791 0.450967 0.0954063
12.1201 0.444751 0.0912388
12.1611 0.438475 0.0869899
12.2021 0.432138 0.0826596
12.2432 0.425741 0.0782479
12.2842 0.419283 0.0737548
12.3252 0.412764 0.0691803
12.3662 0.406183 0.0645244
12.4072 0.399542 0.059787
12.4482 0.392833 0.0549683
12.4893 0.386087 0.0500681
12.5303 0.379171 0.0450865
12.5713 0.372654 0.0400235
12.6123 0.365283 0.0348791
12.6533 0.359134 0.0296533
12.6943 0.352959 0.0243461
12.7354 0.342854 0.0189575
12.7764 0.337448 0.0134874
12.8174 0.431708 0.00793598
12.8584 0.578808 0.00230311
12.8994 0.597095 0
12.9404 0.598392 0
12.9814 0.599899 0
13.0225 0.601395 0
13.0635 0.602775 0
13.1045 0.604039 0
13.1455 0.605197 0
13.1865 0.606261 0
13.2275 0.607245 0
13.2686 0.608157 0
13.3096 0.609007 0
13.3506 0.609802 0
13.3916 0.610548 0
13.4326 0.611249 0
13.4736 0.61191 0
13.5146 0.612535 0
13.5557 0.613123 0
13.5967 0.613684 0
13.6377 0.614218 0
13.6787 0.614722 0
13.7197 0.615202 0
13.7607 0.615659 0
13.8018 0.616094 0
13.8428 0.616509 0
13.8838 0.616904 0
13.9248 0.617282 0
13.9658 0.617643 0
14.0068 0.617989 0
14.0479 0.618319 0
14.0889 0.618636 0
14.1299 0.618939 0
14.1709 0.619229 0
14.2119 0.619506 0
14.2529 0.619772 0
14.2939 0.620026 0
14.335 0.62027 0
14.376 0.620502 0
14.417 0.620725 0
14.458 0.620937 0
14.499 0.62114 0
14.54 0.621334 0
14.5811 0.621519 0
14.6221 0.621695 0
14.6631 0.621862 0
14.7041 0.622022 0
14.7451 0.622173 0
14.7861 0.622317 0
14.8271 0.622454 0
14.8682 0.622584 0
14.9092 0.622707 0
14.9502 0.622823 0
14.9912 0.622933 0
15.0322 0.623037 0
15.0732 0.623135 0
15.1143 0.623227 0
15.1553 0.623313 0
15.1963 0.623393 0
15.2373 0.623467 0
15.2783 0.623536 0
15.3193 0.623599 0
15.3604 0.623657 0
15.4014 0.623709 0
15.4424 0.623757 0
15.4834 0.6238 0
15.5244 0.623839 0
15.5654 0.623872 0
15.6064 0.623902 0
15.6475 0.623926 0
15.6885 0.623946 0
15.7295 0.623962 0
15.7705 0.623973 0
15.8115 0.623979 0
15.8525 0.623981 0
15.8936 0.623978 0
15.9346 0.623971 0
15.9756 0.62396 0
16.0166 0.623946 0
16.0576 0.623928 0
16.0986 0.623907 0
16.1396 0.623883 0
16.1807 0.623855 0
16.2217 0.623823 0
16.2627 0.623787 0
16.3037 0.623746 0
16.3447 0.623701 0
16.3857 0.62365 0
16.4268 0.623594 0
16.4678 0.623532 0
16.5088 0.623465 0
16.5498 0.623393 0
16.5908 0.623315 0
16.6318 0.623232 0
16.6729 0.623144 0
16.7139 0.623053 0
16.7549 0.622958 0
16.7959 0.622861 0
16.8369 0.622762 0
16.8779 0.622661 0
16.9189 0.622559 0
16.96 0.622454 0
17.001 0.622348 0
17.042 0.622237 0
17.083 0.622121 0
17.124 0.622 0
17.165 0.621873 0
17.2061 0.621738 0
17.2471 0.621597 0
17.2881 0.62145 0
17.3291 0.621296 0
17.3701 0.621138 0
17.4111 0.620974 0
17.4521 0.620804 0
17.4932 0.62063 0
17.5342 0.620451 0
17.5752 0.620268 0
17.6162 0.62008 0
17.6572 0.619888 0
17.6982 0.619694 0
17.7393 0.619497 0
17.7803 0.6193 0
17.8213 0.619101 0
17.8623 0.618904 0
17.9033 0.618707 0
17.9443 0.618511 0
17.9854 0.618316 0
18.0264 0.618122 0
18.0674 0.617928 0
18.1084 0.617735 0
18.1494 0.617543 0
18.1904 0.61735 0
18.2314 0.617157 0
18.2725 0.616963 0
18.3135 0.616769 0
18.3545 0.616573 0
18.3955 0.616376 0
18.4365 0.616178 0
18.4775 0.615978 0
18.5186 0.615776 0
18.5596 0.615572 0
18.6006 0.615366 0
18.6416 0.615157 0
18.6826 0.614946 0
18.7236 0.614732 0
18.7646 0.614516 0
18.8057 0.614296 0
18.8467 0.614074 0
18.8877 0.613848 0
18.9287 0.61362 0
18.9697 0.613388 0
19.0107 0.613153 0
19.0518 0.612915 0
19.0928 0.612675 0
19.1338 0.612433 0
19.1748 0.61219 0
19.2158 0.611944 0
19.2568 0.611697 0
19.2979 0.611448 0
19.3389 0.611197 0
19.3799 0.610944 0
19.4209 0.610689 0
19.4619 0.610432 0
19.5029 0.610173 0
19.5439 0.609913 0
19.585 0.609651 0
19.626 0.609388 0
19.667 0.609124 0
19.708 0.608859 0
19.749 0.608592 0
19.79 0.608325 0
19.8311 0.608056 0
19.8721 0.607786 0
19.9131 0.607516 0
19.9541 0.607244 0
19.9951 0.606971 0
20.0361 0.606697 0
20.0771 0.606421 0
20.1182 0.606144 0
20.1592 0.605866 0
20.2002 0.605587 0
20.2412 0.605307 0
20.2822 0.605025 0
20.3232 0.604742 0
20.3643 0.604458 0
20.4053 0.604173 0
20.4463 0.603887 0
20.4873 0.6036 0
20.5283 0.603312 0
20.5693 0.603023 0
20.6104 0.602732 0
20.6514 0.60244 0
20.6924 0.602147 0
20.7334 0.601852 0
20.7744 0.601555 0
20.8154 0.601257 0
20.8564 0.600956 0
20.8975 0.60066 0
20.9385 0.600365 0
20.9795 0.600187 0
