0.0820312 0 1.13227
0.0820312 0.0579344 1.13227
0.0820312 0.115869 1.14893
0.0820312 0.173803 1.15207
0.0820312 0.231738 1.15275
0.0820312 0.289672 1.15278
0.0820312 0.347606 1.15277
0.0820312 0.405541 1.15276
0.0820312 0.463475 1.15276
0.0820312 0.521409 1.15276
0.0820312 0.579344 1.15276
0.0820312 0.637278 1.15276
0.0820312 0.695213 1.15276
0.0820312 0.753147 1.15276
0.0820312 0.811081 1.15276
0.0820312 0.869016 1.15276

0.246094 0 1.10208
0.246094 0.0578916 1.10208
0.246094 0.115783 1.14239
0.246094 0.173675 1.15396
0.246094 0.231566 1.15711
0.246094 0.289458 1.15757
0.246094 0.34735 1.15763
0.246094 0.405241 1.15762
0.246094 0.463133 1.15761
0.246094 0.521025 1.15761
0.246094 0.578916 1.15761
0.246094 0.636808 1.15761
0.246094 0.694699 1.15761
0.246094 0.752591 1.15761
0.246094 0.810483 1.15761
0.246094 0.868374 1.15761

0.410156 0 1.0773
0.410156 0.0578633 1.0773
0.410156 0.115727 1.13183
0.410156 0.17359 1.15235
0.410156 0.231453 1.15918
0.410156 0.289316 1.16104
0.410156 0.34718 1.16145
0.410156 0.405043 1.16152
0.410156 0.462906 1.16152
0.410156 0.520769 1.16152
0.410156 0.578633 1.16152
0.410156 0.636496 1.16152
0.410156 0.694359 1.16151
0.410156 0.752223 1.16151
0.410156 0.810086 1.16151
0.410156 0.867949 1.16151

0.574219 0 1.05763
0.574219 0.0578312 1.05763
0.574219 0.115662 1.12045
0.574219 0.173493 1.14917
0.574219 0.231325 1.16028
0.574219 0.289156 1.16411
0.574219 0.346987 1.16524
0.574219 0.404818 1.16552
0.574219 0.462649 1.16558
0.574219 0.52048 1.16558
0.574219 0.578312 1.16558
0.574219 0.636143 1.16558
0.574219 0.693974 1.16558
0.574219 0.751805 1.16558
0.574219 0.809636 1.16558
0.574219 0.867467 1.16558

0.738281 0 1.04141
0.738281 0.0577992 1.04141
0.738281 0.115598 1.10921
0.738281 0.173398 1.14453
0.738281 0.231197 1.16008
0.738281 0.288996 1.16649
0.738281 0.346795 1.16869
0.738281 0.404595 1.16937
0.738281 0.462394 1.16955
0.738281 0.520193 1.16959
0.738281 0.577992 1.1696
0.738281 0.635792 1.1696
0.738281 0.693591 1.1696
0.738281 0.75139 1.1696
0.738281 0.809189 1.1696
0.738281 0.866989 1.1696

0.902344 0 1.02758
0.902344 0.0577677 1.02758
0.902344 0.115535 1.0986
0.902344 0.173303 1.13917
0.902344 0.231071 1.15927
0.902344 0.288839 1.16826
0.902344 0.346606 1.17178
0.902344 0.404374 1.17302
0.902344 0.462142 1.17341
0.902344 0.51991 1.17352
0.902344 0.577677 1.17354
0.902344 0.635445 1.17355
0.902344 0.693213 1.17355
0.902344 0.750981 1.17355
0.902344 0.808748 1.17355
0.902344 0.866516 1.17355

1.06641 0 1.01553
1.06641 0.0577365 1.01553
1.06641 0.115473 1.08877
1.06641 0.173209 1.13354
1.06641 0.230946 1.15775
1.06641 0.288682 1.16949
1.06641 0.346419 1.17448
1.06641 0.404155 1.17645
1.06641 0.461892 1.17716
1.06641 0.519628 1.17738
1.06641 0.577365 1.17745
1.06641 0.635101 1.17746
1.06641 0.692837 1.17747
1.06641 0.750574 1.17747
1.06641 0.80831 1.17747
1.06641 0.866047 1.17747

1.23047 0 1.00486
1.23047 0.0577053 1.00486
1.23047 0.115411 1.07973
1.23047 0.173116 1.12787
1.23047 0.230821 1.15565
1.23047 0.288526 1.17006
1.23047 0.346232 1.17679
1.23047 0.403937 1.17967
1.23047 0.461642 1.18079
1.23047 0.519347 1.18119
1.23047 0.577053 1.18132
1.23047 0.634758 1.18136
1.23047 0.692463 1.18137
1.23047 0.750168 1.18137
1.23047 0.807874 1.18137
1.23047 0.865579 1.18137

1.39453 0 0.995286
1.39453 0.0576739 0.995286
1.39453 0.115348 1.0714
1.39453 0.173022 1.12229
1.39453 0.230696 1.15317
1.39453 0.28837 1.17006
1.39453 0.346043 1.1787
1.39453 0.403717 1.18264
1.39453 0.461391 1.18429
1.39453 0.519065 1.18493
1.39453 0.576739 1.18516
1.39453 0.634413 1.18523
1.39453 0.692087 1.18525
1.39453 0.749761 1.18526
1.39453 0.807435 1.18526
1.39453 0.865109 1.18526

1.55859 0 0.986593
1.55859 0.0576429 0.986593
1.55859 0.115286 1.06366
1.55859 0.172929 1.11684
1.55859 0.230572 1.15045
1.55859 0.288215 1.16986
1.55859 0.345858 1.18025
1.55859 0.4035 1.18533
1.55859 0.461143 1.1876
1.55859 0.518786 1.18855
1.55859 0.576429 1.18891
1.55859 0.634072 1.18904
1.55859 0.691715 1.18908
1.55859 0.749358 1.1891
1.55859 0.807001 1.1891
1.55859 0.864644 1.1891

1.72266 0 0.978651
1.72266 0.0576121 0.978651
1.72266 0.115224 1.05646
1.72266 0.172836 1.11157
1.72266 0.230448 1.14762
1.72266 0.28806 1.16938
1.72266 0.345672 1.18151
1.72266 0.403285 1.18776
1.72266 0.460897 1.19074
1.72266 0.518509 1.19206
1.72266 0.576121 1.1926
1.72266 0.633733 1.19281
1.72266 0.691345 1.19288
1.72266 0.748957 1.1929
1.72266 0.806569 1.19291
1.72266 0.864181 1.19291

1.88672 0 0.971355
1.88672 0.0575813 0.971355
1.88672 0.115163 1.04976
1.88672 0.172744 1.10651
1.88672 0.230325 1.14473
1.88672 0.287907 1.16863
1.88672 0.345488 1.18249
1.88672 0.403069 1.18997
1.88672 0.460651 1.19371
1.88672 0.518232 1.19546
1.88672 0.575813 1.19621
1.88672 0.633395 1.19652
1.88672 0.690976 1.19664
1.88672 0.748557 1.19668
1.88672 0.806139 1.19669
1.88672 0.86372 1.1967

2.05078 0 0.964615
2.05078 0.0575507 0.964615
2.05078 0.115101 1.0435
2.05078 0.172652 1.10167
2.05078 0.230203 1.14181
2.05078 0.287754 1.16769
2.05078 0.345304 1.18323
2.05078 0.402855 1.19194
2.05078 0.460406 1.1965
2.05078 0.517956 1.19873
2.05078 0.575507 1.19975
2.05078 0.633058 1.20018
2.05078 0.690609 1.20036
2.05078 0.748159 1.20043
2.05078 0.80571 1.20045
2.05078 0.863261 1.20046

2.21484 0 0.958363
2.21484 0.0575202 0.958363
2.21484 0.11504 1.03763
2.21484 0.172561 1.09703
2.21484 0.230081 1.13891
2.21484 0.287601 1.1666
2.21484 0.345121 1.18376
2.21484 0.402641 1.19371
2.21484 0.460162 1.19912
2.21484 0.517682 1.20188
2.21484 0.575202 1.2032
2.21484 0.632722 1.20379
2.21484 0.690243 1.20404
2.21484 0.747763 1.20414
2.21484 0.805283 1.20417
2.21484 0.862803 1.20418

2.37891 0 0.95254
2.37891 0.0574898 0.95254
2.37891 0.11498 1.03212
2.37891 0.17247 1.0926
2.37891 0.229959 1.13603
2.37891 0.287449 1.16542
2.37891 0.344939 1.18413
2.37891 0.402429 1.1953
2.37891 0.459919 1.20158
2.37891 0.517409 1.2049
2.37891 0.574898 1.20655
2.37891 0.632388 1.20733
2.37891 0.689878 1.20767
2.37891 0.747368 1.20781
2.37891 0.804858 1.20786
2.37891 0.862348 1.20788

2.54297 0 0.947105
2.54297 0.0574596 0.947105
2.54297 0.114919 1.02694
2.54297 0.172379 1.08837
2.54297 0.229838 1.13321
2.54297 0.287298 1.16416
2.54297 0.344758 1.18433
2.54297 0.402217 1.19671
2.54297 0.459677 1.20388
2.54297 0.517136 1.2078
2.54297 0.574596 1.20982
2.54297 0.632055 1.2108
2.54297 0.689515 1.21125
2.54297 0.746975 1.21145
2.54297 0.804434 1.21153
2.54297 0.861894 1.21156

2.70703 0 0.942019
2.70703 0.0574294 0.942019
2.70703 0.114859 1.02206
2.70703 0.172288 1.08434
2.70703 0.229718 1.13044
2.70703 0.287147 1.16284
2.70703 0.344576 1.18437
2.70703 0.402006 1.19796
2.70703 0.459435 1.20603
2.70703 0.516864 1.21058
2.70703 0.574294 1.213
2.70703 0.631723 1.21421
2.70703 0.689153 1.21479
2.70703 0.746582 1.21505
2.70703 0.804011 1.21516
2.70703 0.861441 1.2152

2.87109 0 0.93724
2.87109 0.0573993 0.93724
2.87109 0.114799 1.01746
2.87109 0.172198 1.08048
2.87109 0.229597 1.12775
2.87109 0.286997 1.16148
2.87109 0.344396 1.18433
2.87109 0.401795 1.19907
2.87109 0.459195 1.20805
2.87109 0.516594 1.21323
2.87109 0.573993 1.21608
2.87109 0.631392 1.21755
2.87109 0.688792 1.21828
2.87109 0.746191 1.21862
2.87109 0.80359 1.21877
2.87109 0.86099 1.21882

3.03516 0 0.932742
3.03516 0.0573694 0.932742
3.03516 0.114739 1.0131
3.03516 0.172108 1.0768
3.03516 0.229477 1.12512
3.03516 0.286847 1.1601
3.03516 0.344216 1.18422
3.03516 0.401586 1.20006
3.03516 0.458955 1.20993
3.03516 0.516324 1.21577
3.03516 0.573694 1.21906
3.03516 0.631063 1.22082
3.03516 0.688432 1.22171
3.03516 0.745802 1.22214
3.03516 0.803171 1.22233
3.03516 0.860541 1.2224

3.19922 0 0.928502
3.19922 0.0573395 0.928502
3.19922 0.114679 1.00897
3.19922 0.172019 1.07328
3.19922 0.229358 1.12257
3.19922 0.286698 1.15871
3.19922 0.344037 1.18403
3.19922 0.401377 1.20094
3.19922 0.458716 1.21169
3.19922 0.516056 1.2182
3.19922 0.573395 1.22195
3.19922 0.630735 1.22401
3.19922 0.688074 1.22509
3.19922 0.745414 1.22562
3.19922 0.802753 1.22586
3.19922 0.860093 1.22596

3.36328 0 0.924497
3.36328 0.0573098 0.924497
3.36328 0.11462 1.00506
3.36328 0.171929 1.06991
3.36328 0.229239 1.12009
3.36328 0.286549 1.15733
3.36328 0.343859 1.18378
3.36328 0.401168 1.20172
3.36328 0.458478 1.21334
3.36328 0.515788 1.22053
3.36328 0.573098 1.22476
3.36328 0.630407 1.22713
3.36328 0.687717 1.22841
3.36328 0.745027 1.22905
3.36328 0.802337 1.22936
3.36328 0.859646 1.22948

3.52734 0 0.920709
3.52734 0.0572801 0.920709
3.52734 0.11456 1.00135
3.52734 0.17184 1.06669
3.52734 0.22912 1.1177
3.52734 0.2864 1.15596
3.52734 0.343681 1.18347
3.52734 0.400961 1.20241
3.52734 0.458241 1.21489
3.52734 0.515521 1.22275
3.52734 0.572801 1.22747
3.52734 0.630081 1.23019
3.52734 0.687361 1.23167
3.52734 0.744641 1.23245
3.52734 0.801921 1.23282
3.52734 0.859201 1.23297

3.69141 0 0.91712
3.69141 0.0572505 0.91712
3.69141 0.114501 0.997817
3.69141 0.171752 1.06362
3.69141 0.229002 1.11539
3.69141 0.286253 1.15459
3.69141 0.343503 1.18312
3.69141 0.400754 1.20303
3.69141 0.458004 1.21635
3.69141 0.515255 1.22488
3.69141 0.572505 1.2301
3.69141 0.629756 1.23316
3.69141 0.687006 1.23488
3.69141 0.744257 1.23579
3.69141 0.801507 1.23624
3.69141 0.858758 1.23643

3.85547 0 0.913715
3.85547 0.057221 0.913715
3.85547 0.114442 0.99446
3.85547 0.171663 1.06067
3.85547 0.228884 1.11315
3.85547 0.286105 1.15325
3.85547 0.343326 1.18274
3.85547 0.400547 1.20358
3.85547 0.457768 1.21772
3.85547 0.514989 1.22692
3.85547 0.57221 1.23265
3.85547 0.629431 1.23607
3.85547 0.686652 1.23803
3.85547 0.743873 1.23909
3.85547 0.801095 1.23963
3.85547 0.858316 1.23985

4.01953 0 0.910481
4.01953 0.0571916 0.910481
4.01953 0.114383 0.991264
4.01953 0.171575 1.05786
4.01953 0.228767 1.11099
4.01953 0.285958 1.15193
4.01953 0.34315 1.18234
4.01953 0.400341 1.20408
4.01953 0.457533 1.21901
4.01953 0.514725 1.22887
4.01953 0.571916 1.23512
4.01953 0.629108 1.23891
4.01953 0.6863 1.24112
4.01953 0.743491 1.24234
4.01953 0.800683 1.24297
4.01953 0.857875 1.24324

4.18359 0 0.907406
4.18359 0.0571623 0.907406
4.18359 0.114325 0.988219
4.18359 0.171487 1.05516
4.18359 0.228649 1.10891
4.18359 0.285812 1.15064
4.18359 0.342974 1.18192
4.18359 0.400136 1.20451
4.18359 0.457299 1.22023
4.18359 0.514461 1.23075
4.18359 0.571623 1.23751
4.18359 0.628786 1.24168
4.18359 0.685948 1.24416
4.18359 0.74311 1.24555
4.18359 0.800273 1.24628
4.18359 0.857435 1.24658

4.34766 0 0.90448
4.34766 0.0571331 0.90448
4.34766 0.114266 0.985315
4.34766 0.171399 1.05258
4.34766 0.228532 1.1069
4.34766 0.285665 1.14937
4.34766 0.342799 1.18148
4.34766 0.399932 1.20491
4.34766 0.457065 1.22139
4.34766 0.514198 1.23255
4.34766 0.571331 1.23983
4.34766 0.628464 1.24439
4.34766 0.685597 1.24713
4.34766 0.74273 1.24871
4.34766 0.799863 1.24954
4.34766 0.856996 1.2499

4.51172 0 0.901692
4.51172 0.0571039 0.901692
4.51172 0.114208 0.982544
4.51172 0.171312 1.05011
4.51172 0.228416 1.10496
4.51172 0.28552 1.14814
4.51172 0.342624 1.18104
4.51172 0.399728 1.20526
4.51172 0.456832 1.22248
4.51172 0.513936 1.23428
4.51172 0.571039 1.24208
4.51172 0.628143 1.24703
4.51172 0.685247 1.25006
4.51172 0.742351 1.25181
4.51172 0.799455 1.25276
4.51172 0.856559 1.25317

4.67578 0 0.899034
4.67578 0.0570749 0.899034
4.67578 0.11415 0.979897
4.67578 0.171225 1.04774
4.67578 0.228299 1.10309
4.67578 0.285374 1.14694
4.67578 0.342449 1.18059
4.67578 0.399524 1.20558
4.67578 0.456599 1.22352
4.67578 0.513674 1.23595
4.67578 0.570749 1.24426
4.67578 0.627824 1.24961
4.67578 0.684898 1.25292
4.67578 0.741973 1.25487
4.67578 0.799048 1.25594
4.67578 0.856123 1.2564

4.83984 0 0.896498
4.83984 0.0570459 0.896498
4.83984 0.114092 0.977369
4.83984 0.171138 1.04546
4.83984 0.228183 1.10129
4.83984 0.285229 1.14577
4.83984 0.342275 1.18014
4.83984 0.399321 1.20587
4.83984 0.456367 1.22451
4.83984 0.513413 1.23756
4.83984 0.570459 1.24638
4.83984 0.627505 1.25213
4.83984 0.68455 1.25573
4.83984 0.741596 1.25789
4.83984 0.798642 1.25907
4.83984 0.855688 1.2596

5.00391 0 0.894076
5.00391 0.0570169 0.894076
5.00391 0.114034 0.974951
5.00391 0.171051 1.04329
5.00391 0.228068 1.09956
5.00391 0.285085 1.14463
5.00391 0.342102 1.17969
5.00391 0.399119 1.20613
5.00391 0.456136 1.22545
5.00391 0.513153 1.2391
5.00391 0.570169 1.24843
5.00391 0.627186 1.25459
5.00391 0.684203 1.25849
5.00391 0.74122 1.26085
5.00391 0.798237 1.26217
5.00391 0.855254 1.26275

5.16797 0 0.891762
5.16797 0.0569881 0.891762
5.16797 0.113976 0.972638
5.16797 0.170964 1.0412
5.16797 0.227952 1.09789
5.16797 0.28494 1.14353
5.16797 0.341929 1.17925
5.16797 0.398917 1.20637
5.16797 0.455905 1.22635
5.16797 0.512893 1.2406
5.16797 0.569881 1.25043
5.16797 0.626869 1.25699
5.16797 0.683857 1.26119
5.16797 0.740845 1.26377
5.16797 0.797833 1.26521
5.16797 0.854821 1.26586

5.33203 0 0.88955
5.33203 0.0569593 0.88955
5.33203 0.113919 0.970425
5.33203 0.170878 1.0392
5.33203 0.227837 1.09628
5.33203 0.284796 1.14246
5.33203 0.341756 1.17881
5.33203 0.398715 1.2066
5.33203 0.455674 1.22722
5.33203 0.512634 1.24205
5.33203 0.569593 1.25238
5.33203 0.626552 1.25933
5.33203 0.683512 1.26385
5.33203 0.740471 1.26664
5.33203 0.79743 1.26822
5.33203 0.854389 1.26893

5.49609 0 0.887434
5.49609 0.0569306 0.887434
5.49609 0.113861 0.968306
5.49609 0.170792 1.03727
5.49609 0.227722 1.09474
5.49609 0.284653 1.14143
5.49609 0.341583 1.17838
5.49609 0.398514 1.2068
5.49609 0.455445 1.22805
5.49609 0.512375 1.24345
5.49609 0.569306 1.25427
5.49609 0.626236 1.26163
5.49609 0.683167 1.26645
5.49609 0.740097 1.26946
5.49609 0.797028 1.27118
5.49609 0.853959 1.27196

5.66016 0 0.885408
5.66016 0.0569019 0.885408
5.66016 0.113804 0.966276
5.66016 0.170706 1.03543
5.66016 0.227608 1.09325
5.66016 0.28451 1.14043
5.66016 0.341411 1.17796
5.66016 0.398313 1.207
5.66016 0.455215 1.22884
5.66016 0.512117 1.2448
5.66016 0.569019 1.25611
5.66016 0.625921 1.26387
5.66016 0.682823 1.269
5.66016 0.739725 1.27223
5.66016 0.796627 1.2741
5.66016 0.853529 1.27495

5.82422 0 0.883468
5.82422 0.0568733 0.883468
5.82422 0.113747 0.964331
5.82422 0.17062 1.03366
5.82422 0.227493 1.09182
5.82422 0.284367 1.13947
5.82422 0.34124 1.17755
5.82422 0.398113 1.20718
5.82422 0.454987 1.22961
5.82422 0.51186 1.24612
5.82422 0.568733 1.25791
5.82422 0.625607 1.26606
5.82422 0.68248 1.2715
5.82422 0.739353 1.27496
5.82422 0.796226 1.27697
5.82422 0.8531 1.27789

5.98828 0 0.88161
5.98828 0.0568448 0.88161
5.98828 0.11369 0.962466
5.98828 0.170534 1.03196
5.98828 0.227379 1.09044
5.98828 0.284224 1.13854
5.98828 0.341069 1.17715
5.98828 0.397913 1.20735
5.98828 0.454758 1.23036
5.98828 0.511603 1.2474
5.98828 0.568448 1.25966
5.98828 0.625293 1.26821
5.98828 0.682137 1.27396
5.98828 0.738982 1.27764
5.98828 0.795827 1.2798
5.98828 0.852672 1.28079

6.15234 0 0.879836
6.15234 0.0568163 0.879836
6.15234 0.113633 0.960685
6.15234 0.170449 1.03034
6.15234 0.227265 1.08912
6.15234 0.284082 1.13765
6.15234 0.340898 1.17676
6.15234 0.397714 1.20752
6.15234 0.454531 1.23108
6.15234 0.511347 1.24864
6.15234 0.568163 1.26137
6.15234 0.624979 1.27031
6.15234 0.681796 1.27636
6.15234 0.738612 1.28027
6.15234 0.795428 1.28258
6.15234 0.852245 1.28365

6.31641 0 0.878142
6.31641 0.0567879 0.878142
6.31641 0.113576 0.958984
6.31641 0.170364 1.02878
6.31641 0.227152 1.08786
6.31641 0.28394 1.13679
6.31641 0.340727 1.17639
6.31641 0.397515 1.20767
6.31641 0.454303 1.23177
6.31641 0.511091 1.24984
6.31641 0.567879 1.26303
6.31641 0.624667 1.27235
6.31641 0.681455 1.27872
6.31641 0.738243 1.28286
6.31641 0.795031 1.28532
6.31641 0.851819 1.28646

6.48047 0 0.876475
6.48047 0.0567596 0.876475
6.48047 0.113519 0.95732
6.48047 0.170279 1.02727
6.48047 0.227038 1.08663
6.48047 0.283798 1.13595
6.48047 0.340558 1.17603
6.48047 0.397317 1.20783
6.48047 0.454077 1.23245
6.48047 0.510836 1.25103
6.48047 0.567596 1.26466
6.48047 0.624356 1.27437
6.48047 0.681115 1.28105
6.48047 0.737875 1.28542
6.48047 0.794634 1.28803
6.48047 0.851394 1.28925

6.64453 0 0.874743
6.64453 0.0567312 0.874743
6.64453 0.113462 0.955602
6.64453 0.170194 1.02571
6.64453 0.226925 1.08537
6.64453 0.283656 1.13509
6.64453 0.340387 1.17565
6.64453 0.397118 1.208
6.64453 0.45385 1.23317
6.64453 0.510581 1.25223
6.64453 0.567312 1.26629
6.64453 0.624043 1.27638
6.64453 0.680774 1.28337
6.64453 0.737506 1.28797
6.64453 0.794237 1.29074
6.64453 0.850968 1.29203

6.80859 0 0.873199
6.80859 0.0567043 0.873199
6.80859 0.113409 0.954009
6.80859 0.170113 1.02422
6.80859 0.226817 1.08413
6.80859 0.283522 1.13426
6.80859 0.340226 1.17534
6.80859 0.39693 1.20825
6.80859 0.453635 1.23395
6.80859 0.510339 1.25344
6.80859 0.567043 1.26789
6.80859 0.623748 1.27832
6.80859 0.680452 1.28559
6.80859 0.737156 1.2904
6.80859 0.793861 1.29331
6.80859 0.850565 1.29467

6.97266 0 0.872334
6.97266 0.056678 0.872334
6.97266 0.113356 0.95298
6.97266 0.170034 1.02312
6.97266 0.226712 1.0831
6.97266 0.28339 1.13346
6.97266 0.340068 1.17487
6.97266 0.396746 1.20815
6.97266 0.453424 1.23418
6.97266 0.510102 1.25406
6.97266 0.56678 1.26886
6.97266 0.623458 1.27958
6.97266 0.680136 1.28709
6.97266 0.736814 1.29208
6.97266 0.793492 1.29511
6.97266 0.85017 1.29653

7.13672 0.00162711 0.881742
7.13672 0.0581936 0.881742
7.13672 0.11476 0.961963
7.13672 0.171327 1.03137
7.13672 0.227893 1.0907
7.13672 0.28446 1.14055
7.13672 0.341026 1.1816
7.13672 0.397593 1.21467
7.13672 0.454159 1.24071
7.13672 0.510726 1.26075
7.13672 0.567292 1.27576
7.13672 0.623859 1.28669
7.13672 0.680425 1.29437
7.13672 0.736991 1.29952
7.13672 0.793558 1.30265
7.13672 0.850124 1.30413

7.30078 0.0237089 0.922291
7.30078 0.0784339 0.922291
7.30078 0.133159 1.00238
7.30078 0.187884 1.07042
7.30078 0.242609 1.12833
7.30078 0.297334 1.17699
7.30078 0.352059 1.21714
7.30078 0.406784 1.24959
7.30078 0.461509 1.2753
7.30078 0.516234 1.29521
7.30078 0.570959 1.31023
7.30078 0.625684 1.32123
7.30078 0.680409 1.32902
7.30078 0.735134 1.33426
7.30078 0.789859 1.33747
7.30078 0.844584 1.33899

7.46484 0.0444881 0.965589
7.46484 0.0974574 0.965589
7.46484 0.150427 1.04681
7.46484 0.203396 1.11392
7.46484 0.256366 1.17037
7.46484 0.309335 1.21766
7.46484 0.362304 1.25672
7.46484 0.415274 1.28841
7.46484 0.468243 1.3136
7.46484 0.521213 1.33321
7.46484 0.574182 1.34808
7.46484 0.627151 1.35904
7.46484 0.680121 1.36685
7.46484 0.73309 1.37213
7.46484 0.78606 1.37538
7.46484 0.839029 1.37693

7.62891 0.0639647 1.00836
7.62891 0.115252 1.00836
7.62891 0.166539 1.09169
7.62891 0.217826 1.15862
7.62891 0.269113 1.21397
7.62891 0.320401 1.26003
7.62891 0.371688 1.29806
7.62891 0.422975 1.32896
7.62891 0.474262 1.35362
7.62891 0.52555 1.37289
7.62891 0.576837 1.38758
7.62891 0.628124 1.39847
7.62891 0.679411 1.40627
7.62891 0.730698 1.41158
7.62891 0.781986 1.41486
7.62891 0.833273 1.41642

7.79297 0.0821387 1.05049
7.79297 0.131804 1.05049
7.79297 0.18147 1.1366
7.79297 0.231136 1.20408
7.79297 0.280801 1.25883
7.79297 0.330467 1.30393
7.79297 0.380133 1.34103
7.79297 0.429798 1.37121
7.79297 0.479464 1.39536
7.79297 0.52913 1.41429
7.79297 0.578795 1.4288
7.79297 0.628461 1.43961
7.79297 0.678127 1.44741
7.79297 0.727792 1.45273
7.79297 0.777458 1.45604
7.79297 0.827124 1.45762

7.95703 0.0990101 1.09201
7.95703 0.147113 1.09201
7.95703 0.195216 1.18136
7.95703 0.24332 1.25002
7.95703 0.291423 1.30467
7.95703 0.339526 1.34912
7.95703 0.387629 1.38547
7.95703 0.435732 1.41501
7.95703 0.483835 1.43868
7.95703 0.531938 1.45731
7.95703 0.580041 1.47164
7.95703 0.628144 1.48238
7.95703 0.676248 1.49016
7.95703 0.724351 1.4955
7.95703 0.772454 1.49883
7.95703 0.820557 1.50043

8.12109 0.114579 1.13309
8.12109 0.161177 1.13309
8.12109 0.207774 1.22604
8.12109 0.254372 1.29638
8.12109 0.30097 1.3514
8.12109 0.347567 1.39553
8.12109 0.394165 1.43133
8.12109 0.440762 1.46033
8.12109 0.48736 1.48358
8.12109 0.533958 1.50192
8.12109 0.580555 1.51609
8.12109 0.627153 1.52676
8.12109 0.673751 1.53452
8.12109 0.720348 1.53988
8.12109 0.766946 1.54323
8.12109 0.813543 1.54484

8.28516 0.128845 1.17384
8.28516 0.173993 1.17384
8.28516 0.219141 1.27068
8.28516 0.264289 1.34314
8.28516 0.309437 1.39896
8.28516 0.354585 1.44309
8.28516 0.399732 1.47855
8.28516 0.44488 1.50713
8.28516 0.490028 1.53003
8.28516 0.535176 1.54811
8.28516 0.580324 1.56213
8.28516 0.625472 1.57273
8.28516 0.670619 1.58047
8.28516 0.715767 1.58585
8.28516 0.760915 1.58922
8.28516 0.806063 1.59084

8.44922 0.141809 1.21437
8.44922 0.185561 1.21437
8.44922 0.229314 1.31534
8.44922 0.273066 1.39029
8.44922 0.316818 1.44728
8.44922 0.360571 1.49175
8.44922 0.404323 1.52708
8.44922 0.448076 1.55538
8.44922 0.491828 1.57799
8.44922 0.53558 1.59586
8.44922 0.579333 1.60974
8.44922 0.623085 1.62028
8.44922 0.666837 1.62801
8.44922 0.71059 1.63339
8.44922 0.754342 1.63678
8.44922 0.798094 1.63842

8.61328 0.15347 1.25473
8.61328 0.19588 1.25473
8.61328 0.23829 1.36007
8.61328 0.280699 1.43781
8.61328 0.323109 1.49634
8.61328 0.365519 1.54143
8.61328 0.407929 1.57687
8.61328 0.450339 1.60504
8.61328 0.492748 1.62745
8.61328 0.535158 1.64515
8.61328 0.577568 1.65892
8.61328 0.619978 1.66939
8.61328 0.662387 1.67711
8.61328 0.704797 1.6825
8.61328 0.747207 1.68591
8.61328 0.789617 1.68755

8.77734 0.163829 1.29497
8.77734 0.204947 1.29497
8.77734 0.246066 1.40487
8.77734 0.287185 1.48572
8.77734 0.328303 1.54609
8.77734 0.369422 1.5921
8.77734 0.41054 1.62787
8.77734 0.451659 1.65606
8.77734 0.492778 1.67836
8.77734 0.533896 1.69594
8.77734 0.575015 1.70963
8.77734 0.616133 1.72006
8.77734 0.657252 1.72777
8.77734 0.69837 1.73317
8.77734 0.739489 1.73659
8.77734 0.780608 1.73824

8.94141 0.172885 1.33514
8.94141 0.212762 1.33514
8.94141 0.25264 1.44977
8.94141 0.292517 1.53398
8.94141 0.332394 1.5965
8.94141 0.372272 1.64371
8.94141 0.412149 1.68003
8.94141 0.452027 1.7084
8.94141 0.491904 1.7307
8.94141 0.531781 1.74822
8.94141 0.571659 1.76185
8.94141 0.611536 1.77226
8.94141 0.651413 1.77996
8.94141 0.691291 1.78537
8.94141 0.731168 1.7888
8.94141 0.771046 1.79047

9.10547 0.180638 1.37528
9.10547 0.219323 1.37528
9.10547 0.258008 1.49479
9.10547 0.296692 1.58257
9.10547 0.335377 1.64751
9.10547 0.374062 1.69619
9.10547 0.412746 1.7333
9.10547 0.451431 1.76201
9.10547 0.490116 1.78443
9.10547 0.5288 1.80196
9.10547 0.567485 1.81557
9.10547 0.60617 1.82596
9.10547 0.644854 1.83367
9.10547 0.683539 1.83909
9.10547 0.722224 1.84254
9.10547 0.760908 1.84421

9.26953 0.187089 1.41539
9.26953 0.224628 1.41539
9.26953 0.262167 1.53994
9.26953 0.299706 1.63151
9.26953 0.337245 1.69909
9.26953 0.374784 1.74949
9.26953 0.412323 1.78761
9.26953 0.449862 1.81684
9.26953 0.487401 1.83949
9.26953 0.52494 1.85711
9.26953 0.562479 1.87075
9.26953 0.600018 1.88115
9.26953 0.637557 1.88887
9.26953 0.675096 1.89431
9.26953 0.712635 1.89778
9.26953 0.750174 1.89946

9.43359 0.192237 1.45545
9.43359 0.228676 1.45545
9.43359 0.265115 1.58521
9.43359 0.301554 1.68077
9.43359 0.337992 1.75123
9.43359 0.374431 1.80357
9.43359 0.41087 1.8429
9.43359 0.447309 1.87283
9.43359 0.483748 1.89585
9.43359 0.520186 1.91365
9.43359 0.556625 1.92737
9.43359 0.593064 1.93781
9.43359 0.629503 1.94555
9.43359 0.665941 1.95102
9.43359 0.70238 1.9545
9.43359 0.738819 1.95619

9.59766 0.196083 1.49548
9.59766 0.231466 1.49548
9.59766 0.266848 1.63059
9.59766 0.302231 1.73033
9.59766 0.337613 1.80389
9.59766 0.372996 1.85838
9.59766 0.408379 1.89913
9.59766 0.443761 1.92993
9.59766 0.479144 1.95345
9.59766 0.514526 1.97151
9.59766 0.549909 1.98537
9.59766 0.585291 1.99589
9.59766 0.620674 2.00368
9.59766 0.656057 2.00918
9.59766 0.691439 2.01268
9.59766 0.726822 2.01439

9.76172 0.198626 1.53544
9.76172 0.232995 1.53544
9.76172 0.267364 1.67604
9.76172 0.301733 1.78016
9.76172 0.336102 1.85702
9.76172 0.370471 1.91389
9.76172 0.404839 1.95625
9.76172 0.439208 1.98808
9.76172 0.473577 2.01223
9.76172 0.507946 2.03067
9.76172 0.542315 2.04473
9.76172 0.576684 2.05537
9.76172 0.611053 2.06324
9.76172 0.645422 2.06878
9.76172 0.679791 2.07231
9.76172 0.714159 2.07403

9.92578 0.199867 1.57532
9.92578 0.233263 1.57532
9.92578 0.266659 1.72156
9.92578 0.300055 1.83023
9.92578 0.333452 1.9106
9.92578 0.366848 1.97005
9.92578 0.400244 2.01421
9.92578 0.43364 2.04725
9.92578 0.467036 2.07216
9.92578 0.500433 2.09106
9.92578 0.533829 2.10541
9.92578 0.567225 2.11622
9.92578 0.600621 2.12418
9.92578 0.634017 2.12978
9.92578 0.667414 2.13335
9.92578 0.70081 2.13508

10.0898 0.199805 1.61512
10.0898 0.232268 1.61512
10.0898 0.264731 1.76711
10.0898 0.297194 1.8805
10.0898 0.329657 1.96458
10.0898 0.36212 2.0268
10.0898 0.394583 2.07295
10.0898 0.427046 2.10736
10.0898 0.459509 2.13318
10.0898 0.491972 2.15266
10.0898 0.524435 2.16736
10.0898 0.556898 2.17838
10.0898 0.589362 2.18648
10.0898 0.621825 2.19216
10.0898 0.654288 2.19577
10.0898 0.686751 2.19753

10.2539 0.19844 1.6548
10.2539 0.230008 1.6548
10.2539 0.261576 1.81266
10.2539 0.293144 1.93094
10.2539 0.324712 2.01891
10.2539 0.35628 2.0841
10.2539 0.387848 2.13244
10.2539 0.419416 2.16838
10.2539 0.450984 2.19524
10.2539 0.482552 2.2154
10.2539 0.51412 2.23054
10.2539 0.545688 2.24184
10.2539 0.577256 2.2501
10.2539 0.608824 2.25589
10.2539 0.640392 2.25956
10.2539 0.67196 2.26134

10.418 0.195773 1.69434
10.418 0.226483 1.69434
10.418 0.257192 1.8582
10.418 0.287902 1.98151
10.418 0.318611 2.07355
10.418 0.349321 2.1419
10.418 0.38003 2.1926
10.418 0.41074 2.23024
10.418 0.44145 2.25829
10.418 0.472159 2.27924
10.418 0.502869 2.29491
10.418 0.533578 2.30654
10.418 0.564288 2.31501
10.418 0.594998 2.32092
10.418 0.625707 2.32467
10.418 0.656417 2.32649

10.582 0.191803 1.73373
10.582 0.22169 1.73373
10.582 0.251576 1.90369
10.582 0.281462 2.03218
10.582 0.311349 2.12845
10.582 0.341235 2.20015
10.582 0.371122 2.25338
10.582 0.401008 2.29289
10.582 0.430894 2.32226
10.582 0.460781 2.34413
10.582 0.490667 2.36041
10.582 0.520554 2.37244
10.582 0.55044 2.38116
10.582 0.580326 2.38724
10.582 0.610213 2.39107
10.582 0.640099 2.39293

10.7461 0.186531 1.77295
10.7461 0.215628 1.77295
10.7461 0.244725 1.94909
10.7461 0.273822 2.08291
10.7461 0.302919 2.18358
10.7461 0.332016 2.25879
10.7461 0.361113 2.31474
10.7461 0.39021 2.35627
10.7461 0.419307 2.38711
10.7461 0.448404 2.41001
10.7461 0.477502 2.42699
10.7461 0.506599 2.43949
10.7461 0.535696 2.44852
10.7461 0.564793 2.45479
10.7461 0.59389 2.45873
10.7461 0.622987 2.46064

10.9102 0.179956 1.81196
10.9102 0.208296 1.81196
10.9102 0.236636 1.99439
10.9102 0.264977 2.13365
10.9102 0.293317 2.23888
10.9102 0.321657 2.31778
10.9102 0.349997 2.37661
10.9102 0.378338 2.42033
10.9102 0.406678 2.45277
10.9102 0.435018 2.47682
10.9102 0.463358 2.4946
10.9102 0.491699 2.50765
10.9102 0.520039 2.51704
10.9102 0.548379 2.52353
10.9102 0.576719 2.52761
10.9102 0.60506 2.52958

11.0742 0.172078 1.85076
11.0742 0.199693 1.85076
11.0742 0.227308 2.03955
11.0742 0.254922 2.18438
11.0742 0.282537 2.29432
11.0742 0.310151 2.37706
11.0742 0.337766 2.43893
11.0742 0.36538 2.485
11.0742 0.392995 2.51919
11.0742 0.420609 2.54452
11.0742 0.448224 2.5632
11.0742 0.475839 2.57686
11.0742 0.503453 2.58667
11.0742 0.531068 2.59343
11.0742 0.558682 2.59767
11.0742 0.586297 2.59971

11.2383 0.162898 1.88931
11.2383 0.189817 1.88931
11.2383 0.216736 2.08454
11.2383 0.243655 2.23506
11.2383 0.270574 2.34984
11.2383 0.297493 2.43658
11.2383 0.324412 2.50166
11.2383 0.351331 2.55022
11.2383 0.37825 2.58631
11.2383 0.405169 2.61303
11.2383 0.432088 2.63271
11.2383 0.459007 2.64708
11.2383 0.485926 2.65736
11.2383 0.512845 2.66443
11.2383 0.539763 2.66885
11.2383 0.566682 2.67098

11.4023 0.152416 1.92762
11.4023 0.178667 1.92762
11.4023 0.204918 2.12937
11.4023 0.231169 2.28568
11.4023 0.25742 2.40544
11.4023 0.283671 2.49633
11.4023 0.309922 2.56478
11.4023 0.336174 2.61599
11.4023 0.362425 2.6541
11.4023 0.388676 2.68234
11.4023 0.414927 2.70313
11.4023 0.441178 2.71828
11.4023 0.467429 2.7291
11.4023 0.49368 2.73652
11.4023 0.519931 2.74116
11.4023 0.546183 2.74339

11.5664 0.140631 1.96548
11.5664 0.166245 1.96548
11.5664 0.19186 2.1738
11.5664 0.217474 2.33599
11.5664 0.243089 2.46086
11.5664 0.268703 2.55605
11.5664 0.294318 2.62801
11.5664 0.319933 2.68202
11.5664 0.345547 2.72231
11.5664 0.371162 2.75219
11.5664 0.396776 2.77419
11.5664 0.422391 2.79021
11.5664 0.448005 2.80164
11.5664 0.47362 2.80947
11.5664 0.499234 2.81435
11.5664 0.524849 2.81669

11.7305 0.127543 2.00396
11.7305 0.15253 2.00396
11.7305 0.177517 2.21893
11.7305 0.202504 2.38709
11.7305 0.227491 2.51715
11.7305 0.252478 2.61675
11.7305 0.277466 2.69234
11.7305 0.302453 2.74927
11.7305 0.32744 2.79185
11.7305 0.352427 2.82349
11.7305 0.377414 2.8468
11.7305 0.402401 2.86378
11.7305 0.427388 2.87588
11.7305 0.452375 2.88415
11.7305 0.477363 2.8893
11.7305 0.50235 2.89177

11.8945 0.113152 2.03741
11.8945 0.137614 2.03741
11.8945 0.162075 2.25908
11.8945 0.186536 2.43348
11.8945 0.210998 2.56906
11.8945 0.235459 2.67338
11.8945 0.25992 2.75289
11.8945 0.284382 2.813
11.8945 0.308843 2.8581
11.8945 0.333304 2.89168
11.8945 0.357765 2.91646
11.8945 0.382227 2.93451
11.8945 0.406688 2.94737
11.8945 0.431149 2.95616
11.8945 0.455611 2.96163
11.8945 0.480072 2.96426

12.0586 0.0974595 2.08133
12.0586 0.121275 2.08133
12.0586 0.145091 2.30906
12.0586 0.168907 2.48879
12.0586 0.192723 2.62933
12.0586 0.216539 2.73801
12.0586 0.240355 2.82124
12.0586 0.26417 2.88441
12.0586 0.287986 2.93196
12.0586 0.311802 2.96745
12.0586 0.335618 2.99369
12.0586 0.359434 3.01283
12.0586 0.38325 3.02647
12.0586 0.407066 3.03579
12.0586 0.430881 3.0416
12.0586 0.454697 3.04438

12.2227 0.080464 2.10279
12.2227 0.10394 2.10279
12.2227 0.127417 2.33824
12.2227 0.150894 2.52542
12.2227 0.17437 2.67233
12.2227 0.197847 2.78649
12.2227 0.221323 2.87432
12.2227 0.2448 2.94129
12.2227 0.268276 2.9919
12.2227 0.291753 3.0298
12.2227 0.315229 3.05788
12.2227 0.338706 3.0784
12.2227 0.362182 3.09304
12.2227 0.385659 3.10304
12.2227 0.409135 3.10927
12.2227 0.432612 3.11226

12.3867 0.0621659 2.1366
12.3867 0.0853092 2.1366
12.3867 0.108453 2.37803
12.3867 0.131596 2.5706
12.3867 0.154739 2.7224
12.3867 0.177883 2.84082
12.3867 0.201026 2.93229
12.3867 0.224169 3.00229
12.3867 0.247313 3.05537
12.3867 0.270456 3.09524
12.3867 0.293599 3.12486
12.3867 0.316743 3.14654
12.3867 0.339886 3.16204
12.3867 0.363029 3.17264
12.3867 0.386173 3.17923
12.3867 0.409316 3.1824

12.5508 0.0425652 2.2211
12.5508 0.0645141 2.2211
12.5508 0.0864629 2.47314
12.5508 0.108412 2.67469
12.5508 0.130361 2.8343
12.5508 0.152309 2.95942
12.5508 0.174258 3.0564
12.5508 0.196207 3.13045
12.5508 0.218156 3.1853
12.5508 0.240105 3.22401
12.5508 0.262054 3.25114
12.5508 0.284003 3.27007
12.5508 0.305951 3.28314
12.5508 0.3279 3.29186
12.5508 0.349849 3.29722
12.5508 0.371798 3.29976

12.7148 0.021662 2.15371
12.7148 0.0437196 2.15371
12.7148 0.0657773 2.42122
12.7148 0.087835 2.63951
12.7148 0.109893 2.81011
12.7148 0.13195 2.94336
12.7148 0.154008 3.04677
12.7148 0.176066 3.12635
12.7148 0.198123 3.18771
12.7148 0.220181 3.23589
12.7148 0.242239 3.27251
12.7148 0.264296 3.29958
12.7148 0.286354 3.31897
12.7148 0.308412 3.33221
12.7148 0.330469 3.34044
12.7148 0.352527 3.34438

12.8789 0 1.09857
12.8789 0.0301548 1.09857
12.8789 0.0603095 1.33341
12.8789 0.0904643 1.58553
12.8789 0.120619 1.83131
12.8789 0.150774 2.05703
12.8789 0.180929 2.25747
12.8789 0.211083 2.43141
12.8789 0.241238 2.57952
12.8789 0.271393 2.70304
12.8789 0.301548 2.80332
12.8789 0.331702 2.8798
12.8789 0.361857 2.9342
12.8789 0.392012 2.97092
12.8789 0.422167 2.99363
12.8789 0.452322 3.00481

13.043 0 0.405728
13.043 0.038272 0.405728
13.043 0.0765439 0.572835
13.043 0.114816 0.803319
13.043 0.153088 1.06181
13.043 0.19136 1.32057
13.043 0.229632 1.56217
13.043 0.267904 1.77827
13.043 0.306176 1.96597
13.043 0.344448 2.12498
13.043 0.38272 2.25658
13.043 0.420991 2.36325
13.043 0.459263 2.44495
13.043 0.497535 2.50195
13.043 0.535807 2.53768
13.043 0.574079 2.55523

13.207 0 0.448605
13.207 0.0392499 0.448605
13.207 0.0784999 0.592011
13.207 0.11775 0.793158
13.207 0.157 1.02017
13.207 0.19625 1.25822
13.207 0.2355 1.49013
13.207 0.27475 1.70393
13.207 0.313999 1.89287
13.207 0.353249 2.05433
13.207 0.392499 2.18837
13.207 0.431749 2.29631
13.207 0.470999 2.37911
13.207 0.510249 2.43812
13.207 0.549499 2.47565
13.207 0.588749 2.49391

13.3711 0 0.505239
13.3711 0.0395425 0.505239
13.3711 0.079085 0.630126
13.3711 0.118627 0.808156
13.3711 0.15817 1.02075
13.3711 0.197712 1.2436
13.3711 0.237255 1.46454
13.3711 0.276797 1.67209
13.3711 0.31634 1.8586
13.3711 0.355882 2.02004
13.3711 0.395425 2.15515
13.3711 0.434967 2.26435
13.3711 0.47451 2.34853
13.3711 0.514052 2.40905
13.3711 0.553595 2.44784
13.3711 0.593137 2.46676

13.5352 0 0.548629
13.5352 0.0398284 0.548629
13.5352 0.0796567 0.664755
13.5352 0.119485 0.826637
13.5352 0.159313 1.02165
13.5352 0.199142 1.23113
13.5352 0.23897 1.44293
13.5352 0.278799 1.64481
13.5352 0.318627 1.82862
13.5352 0.358455 1.98939
13.5352 0.398284 2.12495
13.5352 0.438112 2.23498
13.5352 0.47794 2.32019
13.5352 0.517769 2.38186
13.5352 0.557597 2.42164
13.5352 0.597425 2.4411

13.6992 0 0.583584
13.6992 0.0400525 0.583584
13.6992 0.080105 0.695213
13.6992 0.120157 0.846026
13.6992 0.16021 1.02673
13.6992 0.200262 1.22522
13.6992 0.240315 1.42803
13.6992 0.280367 1.62403
13.6992 0.32042 1.80459
13.6992 0.360472 1.96408
13.6992 0.400525 2.09955
13.6992 0.440577 2.2101
13.6992 0.48063 2.29611
13.6992 0.520682 2.35869
13.6992 0.560735 2.39927
13.6992 0.600787 2.41919

13.8633 0 0.612026
13.8633 0.0402425 0.612026
13.8633 0.080485 0.720995
13.8633 0.120727 0.864237
13.8633 0.16097 1.03484
13.8633 0.201212 1.22336
13.8633 0.241455 1.41751
13.8633 0.281697 1.60742
13.8633 0.32194 1.78429
13.8633 0.362182 1.94197
13.8633 0.402425 2.0769
13.8633 0.442667 2.18768
13.8633 0.48291 2.27429
13.8633 0.523152 2.33761
13.8633 0.563395 2.37886
13.8633 0.603637 2.39917

14.0273 0 0.636431
14.0273 0.0404025 0.636431
14.0273 0.0808049 0.743688
14.0273 0.121207 0.881466
14.0273 0.16161 1.04426
14.0273 0.202012 1.22409
14.0273 0.242415 1.41044
14.0273 0.282817 1.59433
14.0273 0.32322 1.7672
14.0273 0.363622 1.92266
14.0273 0.404025 2.0567
14.0273 0.444427 2.16741
14.0273 0.48483 2.25443
14.0273 0.525232 2.31834
14.0273 0.565635 2.36013
14.0273 0.606037 2.38077

14.1914 0 0.658016
14.1914 0.0405382 0.658016
14.1914 0.0810764 0.764108
14.1914 0.121615 0.897645
14.1914 0.162153 1.05399
14.1914 0.202691 1.22618
14.1914 0.243229 1.40577
14.1914 0.283767 1.58397
14.1914 0.324306 1.75274
14.1914 0.364844 1.9057
14.1914 0.405382 2.03854
14.1914 0.44592 2.14895
14.1914 0.486458 2.23618
14.1914 0.526996 2.30053
14.1914 0.567535 2.34276
14.1914 0.608073 2.36367

14.3555 0 0.677442
14.3555 0.0406548 0.677442
14.3555 0.0813097 0.782711
14.3555 0.121965 0.912805
14.3555 0.162619 1.06376
14.3555 0.203274 1.22956
14.3555 0.243929 1.40282
14.3555 0.284584 1.57572
14.3555 0.325239 1.74042
14.3555 0.365894 1.89071
14.3555 0.406548 2.0221
14.3555 0.447203 2.13197
14.3555 0.487858 2.21923
14.3555 0.528513 2.28389
14.3555 0.569168 2.32647
14.3555 0.609823 2.3476

14.5195 0 0.695131
14.5195 0.0407552 0.695131
14.5195 0.0815105 0.799816
14.5195 0.122266 0.927055
14.5195 0.163021 1.07345
14.5195 0.203776 1.23376
14.5195 0.244531 1.40141
14.5195 0.285287 1.5692
14.5195 0.326042 1.7299
14.5195 0.366797 1.87741
14.5195 0.407552 2.00717
14.5195 0.448307 2.1163
14.5195 0.489063 2.20343
14.5195 0.529818 2.26826
14.5195 0.570573 2.3111
14.5195 0.611328 2.3324

14.6836 0 0.711426
14.6836 0.0408425 0.711426
14.6836 0.0816851 0.815708
14.6836 0.122528 0.940558
14.6836 0.16337 1.08304
14.6836 0.204213 1.23856
14.6836 0.245055 1.40127
14.6836 0.285898 1.56413
14.6836 0.32674 1.72088
14.6836 0.367583 1.86555
14.6836 0.408425 1.99353
14.6836 0.449268 2.10176
14.6836 0.49011 2.18859
14.6836 0.530953 2.25347
14.6836 0.571795 2.29648
14.6836 0.612638 2.31791

14.8477 0 0.726638
14.8477 0.0409175 0.726638
14.8477 0.081835 0.830658
14.8477 0.122752 0.95348
14.8477 0.16367 1.09254
14.8477 0.204587 1.24375
14.8477 0.245505 1.40173
14.8477 0.286422 1.56022
14.8477 0.32734 1.7132
14.8477 0.368257 1.85502
14.8477 0.409175 1.98112
14.8477 0.450092 2.08829
14.8477 0.49101 2.17468
14.8477 0.531927 2.23949
14.8477 0.572845 2.28259
14.8477 0.613762 2.30411

15.0117 0 0.740909
15.0117 0.0409818 0.740909
15.0117 0.0819636 0.844774
15.0117 0.122945 0.965846
15.0117 0.163927 1.10187
15.0117 0.204909 1.24916
15.0117 0.245891 1.4028
15.0117 0.286873 1.55724
15.0117 0.327854 1.70664
15.0117 0.368836 1.84564
15.0117 0.409818 1.96978
15.0117 0.4508 2.07579
15.0117 0.491782 2.16161
15.0117 0.532763 2.22624
15.0117 0.573745 2.26934
15.0117 0.614727 2.2909

15.1758 0 0.754363
15.1758 0.0410367 0.754363
15.1758 0.0820735 0.858156
15.1758 0.12311 0.977703
15.1758 0.164147 1.11102
15.1758 0.205184 1.25477
15.1758 0.24622 1.4045
15.1758 0.287257 1.55508
15.1758 0.328294 1.70104
15.1758 0.369331 1.83728
15.1758 0.410367 1.95942
15.1758 0.451404 2.06415
15.1758 0.492441 2.14929
15.1758 0.533478 2.21364
15.1758 0.574514 2.25668
15.1758 0.615551 2.27824

15.3398 0 0.767119
15.3398 0.0410832 0.767119
15.3398 0.0821664 0.870905
15.3398 0.12325 0.989116
15.3398 0.164333 1.11999
15.3398 0.205416 1.26053
15.3398 0.246499 1.40666
15.3398 0.287582 1.5536
15.3398 0.328665 1.69629
15.3398 0.369749 1.82982
15.3398 0.410832 1.94994
15.3398 0.451915 2.05332
15.3398 0.492998 2.13769
15.3398 0.534081 2.20166
15.3398 0.575164 2.24456
15.3398 0.616248 2.26609

15.5039 0 0.779251
15.5039 0.0411217 0.779251
15.5039 0.0822435 0.883084
15.5039 0.123365 1.00012
15.5039 0.164487 1.1288
15.5039 0.205609 1.26639
15.5039 0.24673 1.40918
15.5039 0.287852 1.55269
15.5039 0.328974 1.69228
15.5039 0.370096 1.82318
15.5039 0.411217 1.94127
15.5039 0.452339 2.04325
15.5039 0.493461 2.12675
15.5039 0.534583 2.19026
15.5039 0.575704 2.23296
15.5039 0.616826 2.25443

15.668 0 0.790815
15.668 0.0411534 0.790815
15.668 0.0823067 0.894739
15.668 0.12346 1.01074
15.668 0.164613 1.13742
15.668 0.205767 1.27233
15.668 0.24692 1.41203
15.668 0.288074 1.55242
15.668 0.329227 1.68895
15.668 0.37038 1.81726
15.668 0.411534 1.93332
15.668 0.452687 2.03385
15.668 0.49384 2.11642
15.668 0.534994 2.1794
15.668 0.576147 2.22183
15.668 0.617301 2.24321

15.832 0 0.801893
15.832 0.0411785 0.801893
15.832 0.082357 0.905947
15.832 0.123535 1.02102
15.832 0.164714 1.1459
15.832 0.205892 1.27833
15.832 0.247071 1.41517
15.832 0.288249 1.55258
15.832 0.329428 1.68621
15.832 0.370606 1.812
15.832 0.411785 1.92605
15.832 0.452963 2.0251
15.832 0.494142 2.10667
15.832 0.53532 2.16905
15.832 0.576499 2.21118
15.832 0.617677 2.23242

15.9961 0 0.812539
15.9961 0.0411975 0.812539
15.9961 0.0823949 0.916757
15.9961 0.123592 1.03102
15.9961 0.16479 1.15425
15.9961 0.205987 1.28439
15.9961 0.247185 1.41852
15.9961 0.288382 1.55305
15.9961 0.32958 1.68399
15.9961 0.370777 1.80735
15.9961 0.411975 1.9194
15.9961 0.453172 2.01694
15.9961 0.49437 2.09747
15.9961 0.535567 2.1592
15.9961 0.576764 2.20097
15.9961 0.617962 2.22205

16.1602 0 0.822787
16.1602 0.0412107 0.822787
16.1602 0.0824214 0.927198
16.1602 0.123632 1.04074
16.1602 0.164843 1.16245
16.1602 0.206054 1.29046
16.1602 0.247264 1.42206
16.1602 0.288475 1.55389
16.1602 0.329686 1.68224
16.1602 0.370896 1.80325
16.1602 0.412107 1.91333
16.1602 0.453318 2.00935
16.1602 0.494529 2.0888
16.1602 0.535739 2.14983
16.1602 0.57695 2.19119
16.1602 0.618161 2.2121

16.3242 0 0.832694
16.3242 0.0412189 0.832694
16.3242 0.0824377 0.937322
16.3242 0.123657 1.05021
16.3242 0.164875 1.17053
16.3242 0.206094 1.29656
16.3242 0.247313 1.42579
16.3242 0.288532 1.55509
16.3242 0.329751 1.68093
16.3242 0.37097 1.79966
16.3242 0.412189 1.90781
16.3242 0.453407 2.0023
16.3242 0.494626 2.08064
16.3242 0.535845 2.14093
16.3242 0.577064 2.18185
16.3242 0.618283 2.20255

16.4883 0 0.842247
16.4883 0.0412224 0.842247
16.4883 0.0824448 0.947112
16.4883 0.123667 1.05943
16.4883 0.16489 1.17846
16.4883 0.206112 1.30264
16.4883 0.247335 1.42964
16.4883 0.288557 1.55653
16.4883 0.329779 1.67997
16.4883 0.371002 1.7965
16.4883 0.412224 1.90274
16.4883 0.453447 1.99571
16.4883 0.494669 2.07291
16.4883 0.535891 2.13242
16.4883 0.577114 2.17287
16.4883 0.618336 2.19336

16.6523 0 0.851443
16.6523 0.0412206 0.851443
16.6523 0.0824413 0.956558
16.6523 0.123662 1.06836
16.6523 0.164883 1.1862
16.6523 0.206103 1.30866
16.6523 0.247324 1.43356
16.6523 0.288544 1.55815
16.6523 0.329765 1.67925
16.6523 0.370986 1.79368
16.6523 0.412206 1.89807
16.6523 0.453427 1.98953
16.6523 0.494648 2.06558
16.6523 0.535868 2.12428
16.6523 0.577089 2.16424
16.6523 0.61831 2.18449

16.8164 0 0.860455
16.8164 0.0412145 0.860455
16.8164 0.082429 0.96584
16.8164 0.123643 1.07718
16.8164 0.164858 1.19393
16.8164 0.206072 1.31476
16.8164 0.247287 1.43769
16.8164 0.288501 1.56011
16.8164 0.329716 1.67908
16.8164 0.37093 1.79137
16.8164 0.412145 1.89393
16.8164 0.453359 1.98388
16.8164 0.494574 2.05876
16.8164 0.535788 2.11665
16.8164 0.577003 2.15608
16.8164 0.618217 2.17608

16.9805 0 0.86917
16.9805 0.0412046 0.86917
16.9805 0.0824092 0.974839
16.9805 0.123614 1.08578
16.9805 0.164818 1.2015
16.9805 0.206023 1.32082
16.9805 0.247228 1.44188
16.9805 0.288432 1.56225
16.9805 0.329637 1.67914
16.9805 0.370841 1.78939
16.9805 0.412046 1.89015
16.9805 0.453251 1.97859
16.9805 0.494455 2.05231
16.9805 0.53566 2.10936
16.9805 0.576864 2.14825
16.9805 0.618069 2.16799

17.1445 0 0.877659
17.1445 0.0411905 0.877659
17.1445 0.0823809 0.983625
17.1445 0.123571 1.0942
17.1445 0.164762 1.20898
17.1445 0.205952 1.32689
17.1445 0.247143 1.44617
17.1445 0.288333 1.56457
17.1445 0.329524 1.6794
17.1445 0.370714 1.78774
17.1445 0.411905 1.88675
17.1445 0.453095 1.97371
17.1445 0.494286 2.04626
17.1445 0.535476 2.10245
17.1445 0.576667 2.1408
17.1445 0.617857 2.16027

17.3086 0 0.885929
17.3086 0.0411725 0.885929
17.3086 0.0823451 0.992203
17.3086 0.123518 1.10246
17.3086 0.16469 1.21637
17.3086 0.205863 1.33293
17.3086 0.247035 1.45054
17.3086 0.288208 1.56705
17.3086 0.32938 1.67991
17.3086 0.370553 1.78639
17.3086 0.411725 1.88369
17.3086 0.452898 1.9692
17.3086 0.49407 2.04058
17.3086 0.535243 2.09591
17.3086 0.576415 2.13369
17.3086 0.617588 2.15288

17.4727 0 0.893996
17.4727 0.0411509 0.893996
17.4727 0.0823019 1.00059
17.4727 0.123453 1.11057
17.4727 0.164604 1.22366
17.4727 0.205755 1.33896
17.4727 0.246906 1.45498
17.4727 0.288057 1.56968
17.4727 0.329208 1.68068
17.4727 0.370359 1.78533
17.4727 0.411509 1.88097
17.4727 0.45266 1.96504
17.4727 0.493811 2.03526
17.4727 0.534962 2.08972
17.4727 0.576113 2.12693
17.4727 0.617264 2.14584

17.6367 0 0.901875
17.6367 0.0411258 0.901875
17.6367 0.0822517 1.0088
17.6367 0.123378 1.11853
17.6367 0.164503 1.23086
17.6367 0.205629 1.34497
17.6367 0.246755 1.45947
17.6367 0.287881 1.57246
17.6367 0.329007 1.68166
17.6367 0.370133 1.78455
17.6367 0.411258 1.87856
17.6367 0.452384 1.96121
17.6367 0.49351 2.03028
17.6367 0.534636 2.08388
17.6367 0.575762 2.12051
17.6367 0.616888 2.13914

17.8008 0 0.909584
17.8008 0.0410974 0.909584
17.8008 0.0821947 1.01684
17.8008 0.123292 1.12636
17.8008 0.164389 1.23799
17.8008 0.205487 1.35098
17.8008 0.246584 1.46404
17.8008 0.287682 1.57538
17.8008 0.328779 1.68284
17.8008 0.369876 1.78401
17.8008 0.410974 1.87645
17.8008 0.452071 1.95771
17.8008 0.493168 2.02564
17.8008 0.534266 2.07837
17.8008 0.575363 2.11443
17.8008 0.61646 2.13276

17.9648 0 0.917128
17.9648 0.0410655 0.917128
17.9648 0.0821311 1.02473
17.9648 0.123197 1.13407
17.9648 0.164262 1.24503
17.9648 0.205328 1.35696
17.9648 0.246393 1.46865
17.9648 0.287459 1.57842
17.9648 0.328524 1.6842
17.9648 0.36959 1.78371
17.9648 0.410655 1.87461
17.9648 0.451721 1.95452
17.9648 0.492787 2.02132
17.9648 0.533852 2.07319
17.9648 0.574918 2.10867
17.9648 0.615983 2.12672

18.1289 0 0.924514
18.1289 0.0410307 0.924514
18.1289 0.0820613 1.03247
18.1289 0.123092 1.14165
18.1289 0.164123 1.252
18.1289 0.205153 1.36292
18.1289 0.246184 1.47331
18.1289 0.287215 1.58157
18.1289 0.328245 1.68576
18.1289 0.369276 1.78372
18.1289 0.410307 1.87306
18.1289 0.451337 1.95163
18.1289 0.492368 2.01731
18.1289 0.533399 2.06833
18.1289 0.574429 2.10323
18.1289 0.61546 2.12098

18.293 0 0.931766
18.293 0.0409926 0.931766
18.293 0.0819853 1.04008
18.293 0.122978 1.14913
18.293 0.163971 1.25891
18.293 0.204963 1.36888
18.293 0.245956 1.47802
18.293 0.286949 1.58484
18.293 0.327941 1.68749
18.293 0.368934 1.78389
18.293 0.409926 1.87177
18.293 0.450919 1.94902
18.293 0.491912 2.01362
18.293 0.532904 2.06378
18.293 0.573897 2.09811
18.293 0.61489 2.11557

18.457 0 0.938887
18.457 0.0409516 0.938887
18.457 0.0819033 1.04756
18.457 0.122855 1.15651
18.457 0.163807 1.26575
18.457 0.204758 1.37483
18.457 0.24571 1.48278
18.457 0.286661 1.58822
18.457 0.327613 1.68937
18.457 0.368565 1.78425
18.457 0.409516 1.87073
18.457 0.450468 1.9467
18.457 0.49142 2.01021
18.457 0.532371 2.05955
18.457 0.573323 2.0933
18.457 0.614274 2.11047

18.6211 0 0.945884
18.6211 0.0409077 0.945884
18.6211 0.0818154 1.05493
18.6211 0.122723 1.16379
18.6211 0.163631 1.27254
18.6211 0.204538 1.38077
18.6211 0.245446 1.48759
18.6211 0.286354 1.59169
18.6211 0.327261 1.69141
18.6211 0.368169 1.78482
18.6211 0.409077 1.86992
18.6211 0.449985 1.94464
18.6211 0.490892 2.0071
18.6211 0.5318 2.05561
18.6211 0.572708 2.0888
18.6211 0.613615 2.10568

18.7852 0 0.952769
18.7852 0.0408609 0.952769
18.7852 0.0817218 1.06219
18.7852 0.122583 1.17099
18.7852 0.163444 1.27928
18.7852 0.204305 1.3867
18.7852 0.245165 1.49243
18.7852 0.286026 1.59526
18.7852 0.326887 1.69359
18.7852 0.367748 1.7856
18.7852 0.408609 1.86934
18.7852 0.44947 1.94285
18.7852 0.490331 2.00426
18.7852 0.531192 2.05196
18.7852 0.572053 2.08459
18.7852 0.612914 2.10119

18.9492 0 0.959547
18.9492 0.0408113 0.959547
18.9492 0.0816226 1.06935
18.9492 0.122434 1.17811
18.9492 0.163245 1.28597
18.9492 0.204056 1.39262
18.9492 0.244868 1.49732
18.9492 0.285679 1.59892
18.9492 0.32649 1.69592
18.9492 0.367302 1.78656
18.9492 0.408113 1.86896
18.9492 0.448924 1.9413
18.9492 0.489735 2.0017
18.9492 0.530547 2.0486
18.9492 0.571358 2.08069
18.9492 0.612169 2.09701

19.1133 0 0.966222
19.1133 0.040759 0.966222
19.1133 0.081518 1.07641
19.1133 0.122277 1.18515
19.1133 0.163036 1.29261
19.1133 0.203795 1.39853
19.1133 0.244554 1.50225
19.1133 0.285313 1.60267
19.1133 0.326072 1.69837
19.1133 0.366831 1.7877
19.1133 0.40759 1.86887
19.1133 0.448349 1.94
19.1133 0.489108 1.99941
19.1133 0.529867 2.04552
19.1133 0.570626 2.07707
19.1133 0.611385 2.09311

19.2773 0 0.972807
19.2773 0.040704 0.972807
19.2773 0.081408 1.08339
19.2773 0.122112 1.19212
19.2773 0.162816 1.29921
19.2773 0.20352 1.40445
19.2773 0.244224 1.50722
19.2773 0.284928 1.60651
19.2773 0.325632 1.70097
19.2773 0.366336 1.78903
19.2773 0.40704 1.86896
19.2773 0.447744 1.93895
19.2773 0.488448 1.99738
19.2773 0.529152 2.04272
19.2773 0.569856 2.07373
19.2773 0.61056 2.0895

19.4414 0 0.979309
19.4414 0.0406463 0.979309
19.4414 0.0812926 1.09029
19.4414 0.121939 1.19903
19.4414 0.162585 1.30578
19.4414 0.203231 1.41037
19.4414 0.243878 1.51224
19.4414 0.284524 1.61044
19.4414 0.32517 1.7037
19.4414 0.365817 1.79052
19.4414 0.406463 1.86924
19.4414 0.447109 1.93814
19.4414 0.487755 1.99561
19.4414 0.528402 2.0402
19.4414 0.569048 2.07069
19.4414 0.609694 2.08619

19.6055 0 0.985734
19.6055 0.040586 0.985734
19.6055 0.081172 1.09712
19.6055 0.121758 1.20589
19.6055 0.162344 1.31232
19.6055 0.20293 1.41629
19.6055 0.243516 1.51729
19.6055 0.284102 1.61445
19.6055 0.324688 1.70656
19.6055 0.365274 1.79218
19.6055 0.40586 1.86971
19.6055 0.446446 1.93755
19.6055 0.487032 1.99409
19.6055 0.527618 2.03794
19.6055 0.568204 2.06792
19.6055 0.60879 2.08315

19.7695 0 0.992087
19.7695 0.040523 0.992087
19.7695 0.0810461 1.10388
19.7695 0.121569 1.2127
19.7695 0.162092 1.31883
19.7695 0.202615 1.42222
19.7695 0.243138 1.5224
19.7695 0.283661 1.61855
19.7695 0.324184 1.70954
19.7695 0.364707 1.794
19.7695 0.40523 1.87039
19.7695 0.445753 1.93715
19.7695 0.486276 1.99282
19.7695 0.5268 2.03595
19.7695 0.567323 2.06542
19.7695 0.607846 2.0804

19.9336 0 0.99837
19.9336 0.0404576 0.99837
19.9336 0.0809152 1.11058
19.9336 0.121373 1.21945
19.9336 0.16183 1.32532
19.9336 0.202288 1.42815
19.9336 0.242745 1.52754
19.9336 0.283203 1.62273
19.9336 0.323661 1.71264
19.9336 0.364118 1.79597
19.9336 0.404576 1.87127
19.9336 0.445033 1.93705
19.9336 0.485491 1.99179
19.9336 0.525949 2.03422
19.9336 0.566406 2.0632
19.9336 0.606864 2.07793

20.0977 0 1.00459
20.0977 0.0403895 1.00459
20.0977 0.0807791 1.11723
20.0977 0.121169 1.22617
20.0977 0.161558 1.33179
20.0977 0.201948 1.4341
20.0977 0.242337 1.53273
20.0977 0.282727 1.62699
20.0977 0.323116 1.71587
20.0977 0.363506 1.79811
20.0977 0.403895 1.87235
20.0977 0.444285 1.93714
20.0977 0.484675 1.99102
20.0977 0.525064 2.03274
20.0977 0.565454 2.06124
20.0977 0.605843 2.07572

20.2617 0 1.01077
20.2617 0.0403191 1.01077
20.2617 0.0806381 1.12383
20.2617 0.120957 1.23286
20.2617 0.161276 1.33826
20.2617 0.201595 1.44007
20.2617 0.241914 1.53798
20.2617 0.282233 1.63134
20.2617 0.322552 1.71921
20.2617 0.362871 1.80041
20.2617 0.403191 1.87361
20.2617 0.44351 1.93742
20.2617 0.483829 1.99047
20.2617 0.524148 2.03152
20.2617 0.564467 2.05955
20.2617 0.604786 2.07379

20.4258 0 1.01686
20.4258 0.0402459 1.01686
20.4258 0.0804918 1.13035
20.4258 0.120738 1.23948
20.4258 0.160984 1.34468
20.4258 0.20123 1.44603
20.4258 0.241475 1.54326
20.4258 0.281721 1.63577
20.4258 0.321967 1.72267
20.4258 0.362213 1.80285
20.4258 0.402459 1.87504
20.4258 0.442705 1.9379
20.4258 0.482951 1.9901
20.4258 0.523197 2.03053
20.4258 0.563443 2.05811
20.4258 0.603689 2.07211

20.5898 0 1.02287
20.5898 0.0401716 1.02287
20.5898 0.0803433 1.13679
20.5898 0.120515 1.24604
20.5898 0.160687 1.35105
20.5898 0.200858 1.45197
20.5898 0.24103 1.54855
20.5898 0.281201 1.64025
20.5898 0.321373 1.72624
20.5898 0.361545 1.80547
20.5898 0.401716 1.87671
20.5898 0.441888 1.93872
20.5898 0.48206 1.99006
20.5898 0.522231 2.02984
20.5898 0.562403 2.05699
20.5898 0.602574 2.07076

20.7539 0 1.02875
20.7539 0.0400967 1.02875
20.7539 0.0801934 1.14313
20.7539 0.12029 1.2525
20.7539 0.160387 1.35731
20.7539 0.200484 1.45772
20.7539 0.24058 1.55358
20.7539 0.280677 1.6444
20.7539 0.320774 1.72942
20.7539 0.36087 1.80764
20.7539 0.400967 1.87792
20.7539 0.441064 1.93886
20.7539 0.48116 1.98954
20.7539 0.521257 2.02867
20.7539 0.561354 2.05539
20.7539 0.601451 2.06895

20.918 0 1.03513
20.918 0.0400506 1.03513
20.918 0.0801011 1.15
20.918 0.120152 1.25952
20.918 0.160202 1.36416
20.918 0.200253 1.46407
20.918 0.240303 1.55913
20.918 0.280354 1.64891
20.918 0.320404 1.7327
20.918 0.360455 1.80958
20.918 0.400506 1.87846
20.918 0.440556 1.93829
20.918 0.480607 1.9879
20.918 0.520657 2.02611
20.918 0.560708 2.05216
20.918 0.600758 2.06537


# Cartesian 1D, 4072 steps, 1.53622 CPU, 1.536 real, 3.39e+05 points.step/s, 72 var
